customer_id,contract,payment_method,paperless_billing,monthly_charges,internet_service
7590-VHVEG,Month-to-month,Electronic check,Yes,29.85,DSL
5575-GNVDE,One year,Mailed check,No,56.95,DSL
3668-QPYBK,Month-to-month,Mailed check,Yes,53.85,DSL
7795-CFOCW,One year,Bank transfer (automatic),No,42.3,DSL
9237-HQITU,Month-to-month,Electronic check,Yes,70.7,Fiber optic
9305-CDSKC,Month-to-month,Electronic check,Yes,99.65,Fiber optic
1452-KIOVK,Month-to-month,Credit card (automatic),Yes,89.1,Fiber optic
6713-OKOMC,Month-to-month,Mailed check,No,29.75,DSL
7892-POOKP,Month-to-month,Electronic check,Yes,104.8,Fiber optic
6388-TABGU,One year,Bank transfer (automatic),No,56.15,DSL
9763-GRSKD,Month-to-month,Mailed check,Yes,49.95,DSL
7469-LKBCI,Two year,Credit card (automatic),No,18.95,No
8091-TTVAX,One year,Credit card (automatic),No,100.35,Fiber optic
0280-XJGEX,Month-to-month,Bank transfer (automatic),Yes,103.7,Fiber optic
5129-JLPIS,Month-to-month,Electronic check,Yes,105.5,Fiber optic
3655-SNQYZ,Two year,Credit card (automatic),No,113.25,Fiber optic
8191-XWSZG,One year,Mailed check,No,20.65,No
9959-WOFKT,Two year,Bank transfer (automatic),No,106.7,Fiber optic
4190-MFLUW,Month-to-month,Credit card (automatic),No,55.2,DSL
4183-MYFRB,Month-to-month,Electronic check,Yes,90.05,Fiber optic
8779-QRDMV,Month-to-month,Electronic check,Yes,39.65,DSL
1680-VDCWW,One year,Bank transfer (automatic),No,19.8,No
1066-JKSGK,Month-to-month,Mailed check,No,20.15,No
3638-WEABW,Two year,Credit card (automatic),Yes,59.9,DSL
6322-HRPFA,Month-to-month,Credit card (automatic),No,59.6,DSL
6865-JZNKO,Month-to-month,Bank transfer (automatic),Yes,55.3,DSL
6467-CHFZW,Month-to-month,Electronic check,Yes,99.35,Fiber optic
8665-UTDHZ,Month-to-month,Electronic check,No,30.2,DSL
5248-YGIJN,Two year,Credit card (automatic),Yes,90.25,DSL
8773-HHUOZ,Month-to-month,Mailed check,Yes,64.7,DSL
3841-NFECX,Two year,Credit card (automatic),Yes,96.35,Fiber optic
4929-XIHVW,Month-to-month,Credit card (automatic),Yes,95.5,Fiber optic
6827-IEAUQ,One year,Mailed check,No,66.15,DSL
7310-EGVHZ,Month-to-month,Bank transfer (automatic),No,20.2,No
3413-BMNZE,Month-to-month,Bank transfer (automatic),No,45.25,DSL
6234-RAAPL,Two year,Bank transfer (automatic),No,99.9,Fiber optic
6047-YHPVI,Month-to-month,Electronic check,Yes,69.7,Fiber optic
6572-ADKRS,Month-to-month,Credit card (automatic),Yes,74.8,Fiber optic
5380-WJKOV,Month-to-month,Electronic check,Yes,106.35,Fiber optic
8168-UQWWF,Month-to-month,Bank transfer (automatic),Yes,97.85,Fiber optic
8865-TNMNX,One year,Mailed check,No,49.55,DSL
9489-DEDVP,Two year,Credit card (automatic),Yes,69.2,DSL
9867-JCZSP,One year,Mailed check,No,20.75,No
4671-VJLCL,Two year,Credit card (automatic),Yes,79.85,DSL
4080-IIARD,Month-to-month,Electronic check,Yes,76.2,DSL
3714-NTNFO,Month-to-month,Electronic check,Yes,84.5,Fiber optic
5948-UJZLF,Month-to-month,Mailed check,No,49.25,DSL
7760-OYPDY,Month-to-month,Electronic check,Yes,80.65,Fiber optic
7639-LIAYI,Two year,Credit card (automatic),Yes,79.75,DSL
2954-PIBKO,Two year,Credit card (automatic),Yes,64.15,DSL
8012-SOUDQ,Month-to-month,Electronic check,Yes,90.25,Fiber optic
9420-LOJKX,Month-to-month,Credit card (automatic),Yes,99.1,Fiber optic
6575-SUVOI,Month-to-month,Credit card (automatic),Yes,69.5,DSL
7495-OOKFY,Month-to-month,Credit card (automatic),Yes,80.65,Fiber optic
4667-QONEA,One year,Credit card (automatic),Yes,74.85,DSL
1658-BYGOY,Month-to-month,Electronic check,Yes,95.45,Fiber optic
8769-KKTPH,One year,Credit card (automatic),Yes,99.65,Fiber optic
5067-XJQFU,One year,Electronic check,Yes,108.45,Fiber optic
3957-SQXML,Two year,Credit card (automatic),No,24.95,No
5954-BDFSG,Two year,Credit card (automatic),Yes,107.5,Fiber optic
0434-CSFON,Month-to-month,Electronic check,Yes,100.5,Fiber optic
1215-FIGMP,Month-to-month,Bank transfer (automatic),Yes,89.9,Fiber optic
0526-SXDJP,Two year,Bank transfer (automatic),No,42.1,DSL
0557-ASKVU,One year,Credit card (automatic),Yes,54.4,DSL
5698-BQJOH,Month-to-month,Electronic check,No,94.4,Fiber optic
5122-CYFXA,Month-to-month,Electronic check,Yes,75.3,DSL
8627-ZYGSZ,One year,Electronic check,Yes,78.9,Fiber optic
3410-YOQBQ,Two year,Mailed check,No,79.2,DSL
3170-NMYVV,Two year,Bank transfer (automatic),No,20.15,No
7410-OIEDU,Month-to-month,Mailed check,Yes,79.85,Fiber optic
2273-QCKXA,Month-to-month,Mailed check,No,49.05,DSL
0731-EBJQB,One year,Electronic check,Yes,20.4,No
1891-QRQSA,Two year,Bank transfer (automatic),Yes,111.6,Fiber optic
8028-PNXHQ,Two year,Bank transfer (automatic),Yes,24.25,No
5630-AHZIL,Month-to-month,Bank transfer (automatic),Yes,64.5,DSL
2673-CXQEU,One year,Electronic check,No,110.5,Fiber optic
6416-JNVRK,One year,Credit card (automatic),No,55.65,DSL
5590-ZSKRV,Month-to-month,Mailed check,No,54.65,DSL
0191-ZHSKZ,Month-to-month,Electronic check,Yes,74.75,DSL
3887-PBQAO,One year,Credit card (automatic),Yes,25.9,No
5919-TMRGD,Month-to-month,Electronic check,Yes,79.35,Fiber optic
8108-UXRQN,Month-to-month,Electronic check,No,50.55,DSL
9191-MYQKX,Month-to-month,Bank transfer (automatic),Yes,75.15,Fiber optic
9919-YLNNG,Month-to-month,Bank transfer (automatic),Yes,103.8,Fiber optic
0318-ZOPWS,Two year,Bank transfer (automatic),Yes,20.15,No
4445-ZJNMU,Month-to-month,Credit card (automatic),Yes,99.3,Fiber optic
4808-YNLEU,One year,Bank transfer (automatic),Yes,62.15,DSL
1862-QRWPE,Two year,Bank transfer (automatic),No,20.65,No
2796-NNUFI,Two year,Mailed check,Yes,19.95,No
3016-KSVCP,Month-to-month,Mailed check,No,33.75,DSL
4767-HZZHQ,Month-to-month,Bank transfer (automatic),No,82.05,Fiber optic
2424-WVHPL,Month-to-month,Electronic check,No,74.7,Fiber optic
7233-PAHHL,Two year,Mailed check,Yes,84.0,DSL
6067-NGCEU,Month-to-month,Credit card (automatic),Yes,111.05,Fiber optic
9848-JQJTX,Two year,Bank transfer (automatic),Yes,100.9,Fiber optic
8637-XJIVR,Month-to-month,Electronic check,Yes,78.95,Fiber optic
9803-FTJCG,One year,Credit card (automatic),Yes,66.85,DSL
0278-YXOOG,Month-to-month,Mailed check,No,21.05,No
3212-KXOCR,Two year,Bank transfer (automatic),No,21.0,No
4598-XLKNJ,Month-to-month,Electronic check,Yes,98.5,Fiber optic
6380-ARCEH,Month-to-month,Mailed check,No,20.2,No
3679-XASPY,Month-to-month,Electronic check,No,19.45,No
7123-WQUHX,One year,Bank transfer (automatic),No,95.0,Fiber optic
5386-THSLQ,One year,Bank transfer (automatic),No,45.55,DSL
3192-NQECA,Two year,Bank transfer (automatic),Yes,110.0,Fiber optic
6180-YBIQI,Month-to-month,Mailed check,No,24.3,DSL
6728-DKUCO,One year,Electronic check,Yes,104.15,Fiber optic
9750-BOOHV,One year,Mailed check,No,30.15,DSL
8597-CWYHH,One year,Mailed check,No,94.35,Fiber optic
2848-YXSMW,Two year,Credit card (automatic),No,19.4,No
0486-HECZI,Month-to-month,Electronic check,Yes,96.75,Fiber optic
4549-ZDQYY,One year,Credit card (automatic),No,57.95,DSL
5712-AHQNN,Month-to-month,Electronic check,Yes,91.65,Fiber optic
4846-WHAFZ,Month-to-month,Electronic check,Yes,76.5,Fiber optic
5256-SKJGO,Two year,Electronic check,Yes,54.6,DSL
3071-VBYPO,Month-to-month,Electronic check,No,89.85,Fiber optic
9560-BBZXK,Two year,Bank transfer (automatic),No,31.05,DSL
5299-RULOA,Month-to-month,Electronic check,Yes,100.25,Fiber optic
8402-OOOHJ,Two year,Mailed check,No,20.65,No
9445-ZUEQE,Month-to-month,Credit card (automatic),Yes,85.2,Fiber optic
1091-SOZGA,One year,Credit card (automatic),Yes,99.8,Fiber optic
2928-HLDBA,Month-to-month,Mailed check,No,20.7,No
0404-SWRVG,Month-to-month,Electronic check,Yes,74.4,Fiber optic
6497-TILVL,Month-to-month,Mailed check,No,50.7,DSL
7219-TLZHO,Month-to-month,Mailed check,No,20.85,No
4622-YNKIJ,Two year,Electronic check,Yes,88.95,Fiber optic
4412-YLTKF,Month-to-month,Electronic check,Yes,78.05,Fiber optic
6734-PSBAW,Two year,Bank transfer (automatic),Yes,23.55,No
3930-ZGWVE,Month-to-month,Mailed check,No,19.75,No
2639-UGMAZ,One year,Electronic check,Yes,56.45,DSL
2876-GZYZC,Month-to-month,Electronic check,Yes,85.95,Fiber optic
6207-WIOLX,Month-to-month,Credit card (automatic),Yes,58.6,DSL
8587-XYZSF,Two year,Bank transfer (automatic),No,50.55,DSL
3091-FYHKI,Month-to-month,Electronic check,Yes,35.45,DSL
2372-HWUHI,Month-to-month,Electronic check,No,44.35,DSL
7799-LGRDP,Two year,Credit card (automatic),Yes,25.7,No
7850-VWJUU,Month-to-month,Bank transfer (automatic),Yes,75.0,Fiber optic
3774-VBNXY,Two year,Mailed check,No,20.2,No
6217-KDYWC,Two year,Mailed check,Yes,19.6,No
0390-DCFDQ,Month-to-month,Mailed check,Yes,70.45,Fiber optic
3146-MSEGF,Two year,Credit card (automatic),Yes,88.05,DSL
4080-OGPJL,Month-to-month,Electronic check,No,71.15,DSL
1095-WGNGG,Two year,Bank transfer (automatic),Yes,101.05,Fiber optic
2636-SJDOU,One year,Credit card (automatic),Yes,84.3,Fiber optic
1131-QQZEB,Two year,Bank transfer (automatic),No,23.95,No
5716-EZXZN,Two year,Credit card (automatic),Yes,99.05,Fiber optic
6837-BJYDQ,One year,Mailed check,No,19.6,No
2135-RXIHG,Month-to-month,Electronic check,Yes,45.65,DSL
6440-DKQGE,One year,Credit card (automatic),No,64.5,DSL
3466-BYAVD,Month-to-month,Mailed check,Yes,69.5,DSL
3780-YVMFA,Month-to-month,Electronic check,Yes,68.55,DSL
3874-EQOEP,Month-to-month,Mailed check,No,95.0,Fiber optic
1679-JRFBR,One year,Credit card (automatic),Yes,108.15,Fiber optic
9073-ZZIAY,Two year,Electronic check,No,86.1,DSL
3077-RSNTJ,Month-to-month,Mailed check,No,19.7,No
6551-GNYDG,Month-to-month,Bank transfer (automatic),Yes,80.9,Fiber optic
9167-APMXZ,Month-to-month,Bank transfer (automatic),Yes,84.15,Fiber optic
2749-CTKAJ,One year,Mailed check,No,20.15,No
6371-NZYEG,Two year,Mailed check,No,64.25,DSL
7554-NEWDD,Two year,Bank transfer (automatic),No,25.7,No
8992-VONJD,Month-to-month,Electronic check,Yes,56.0,DSL
0867-MKZVY,Month-to-month,Electronic check,No,82.4,Fiber optic
4482-EWFMI,Month-to-month,Electronic check,Yes,69.7,Fiber optic
4648-YPBTM,Two year,Bank transfer (automatic),Yes,73.9,DSL
2907-ILJBN,One year,Mailed check,No,20.6,No
6345-FZOQH,Two year,Mailed check,No,19.9,No
3376-BMGFE,Month-to-month,Bank transfer (automatic),Yes,70.9,Fiber optic
5997-OPVFA,Two year,Bank transfer (automatic),Yes,89.05,DSL
3445-HXXGF,Month-to-month,Electronic check,Yes,45.3,DSL
1159-WFSGR,Month-to-month,Electronic check,No,20.4,No
7654-YWJUF,One year,Bank transfer (automatic),Yes,84.25,Fiber optic
1875-QIVME,Month-to-month,Electronic check,Yes,104.4,Fiber optic
6727-IOTLZ,Two year,Mailed check,No,81.95,DSL
0691-JVSYA,One year,Bank transfer (automatic),Yes,94.85,Fiber optic
5918-VUKWP,One year,Bank transfer (automatic),No,20.55,No
1744-JHKYS,Month-to-month,Electronic check,No,24.7,No
2656-FMOKZ,Month-to-month,Mailed check,Yes,74.45,Fiber optic
2070-FNEXE,Month-to-month,Bank transfer (automatic),No,76.45,Fiber optic
5947-SGKCL,Month-to-month,Bank transfer (automatic),Yes,105.35,Fiber optic
3712-PKXZA,One year,Credit card (automatic),Yes,20.55,No
6317-YPKDH,Month-to-month,Bank transfer (automatic),No,29.95,DSL
6582-OIVSP,Month-to-month,Mailed check,No,45.3,DSL
9367-WXLCH,Month-to-month,Bank transfer (automatic),No,84.5,Fiber optic
5524-KHNJP,One year,Credit card (automatic),No,74.75,DSL
1918-ZBFQJ,Month-to-month,Electronic check,Yes,79.25,Fiber optic
1024-GUALD,Month-to-month,Electronic check,Yes,24.8,DSL
4827-USJHP,Month-to-month,Mailed check,Yes,51.8,DSL
8167-GJLRN,Month-to-month,Electronic check,No,30.4,DSL
0956-SYCWG,One year,Electronic check,No,19.65,No
8017-UVSZU,Month-to-month,Credit card (automatic),No,56.6,DSL
7100-FQPRV,One year,Credit card (automatic),Yes,71.9,DSL
2472-OVKUP,Month-to-month,Electronic check,Yes,91.0,Fiber optic
2984-RGEYA,Two year,Bank transfer (automatic),No,19.75,No
9680-NIAUV,Two year,Credit card (automatic),No,109.7,Fiber optic
2146-EGVDT,Two year,Credit card (automatic),No,19.3,No
2604-IJPDU,Month-to-month,Electronic check,Yes,96.55,Fiber optic
9178-JHUVJ,Two year,Bank transfer (automatic),Yes,24.1,No
6168-YBYNP,Month-to-month,Electronic check,Yes,111.35,Fiber optic
7255-SSFBC,Two year,Bank transfer (automatic),Yes,112.25,Fiber optic
3645-DEYGF,Month-to-month,Mailed check,No,20.75,No
9323-HGFWY,One year,Credit card (automatic),Yes,101.9,Fiber optic
8544-GOQSH,Month-to-month,Credit card (automatic),Yes,80.05,Fiber optic
3363-DTIVD,Two year,Electronic check,No,105.55,Fiber optic
7018-WBJNK,Month-to-month,Credit card (automatic),Yes,78.3,Fiber optic
9142-KZXOP,Month-to-month,Credit card (automatic),No,68.85,Fiber optic
7674-YTAFD,One year,Bank transfer (automatic),Yes,79.95,Fiber optic
6348-SNFUS,Two year,Credit card (automatic),Yes,55.45,DSL
1285-OKIPP,Month-to-month,Electronic check,No,79.9,Fiber optic
7825-ECJRF,Month-to-month,Electronic check,Yes,106.6,Fiber optic
1347-KTTTA,One year,Credit card (automatic),Yes,102.45,Fiber optic
7841-TZDMQ,Month-to-month,Credit card (automatic),Yes,46.0,DSL
4195-NZGTA,Month-to-month,Electronic check,No,25.25,DSL
7157-SMCFK,Two year,Mailed check,No,19.75,No
4709-LKHYG,One year,Electronic check,No,20.0,No
2504-DSHIH,Month-to-month,Electronic check,No,86.8,Fiber optic
0699-NDKJM,Month-to-month,Bank transfer (automatic),Yes,58.75,DSL
9286-BHDQG,Two year,Credit card (automatic),No,45.25,DSL
0230-WEQUW,Two year,Bank transfer (automatic),Yes,56.6,DSL
2040-LDIWQ,Two year,Bank transfer (automatic),Yes,84.2,DSL
6496-JDSSB,Month-to-month,Bank transfer (automatic),Yes,80.0,Fiber optic
9408-SSNVZ,Month-to-month,Electronic check,Yes,70.15,Fiber optic
4443-EMBNA,Two year,Bank transfer (automatic),No,24.75,No
6469-MRVET,One year,Electronic check,Yes,20.2,No
0742-MOABM,Month-to-month,Mailed check,No,50.05,DSL
5961-VUSRV,One year,Bank transfer (automatic),Yes,19.35,No
6778-JFCMK,One year,Mailed check,Yes,50.6,DSL
6341-JVQGF,One year,Mailed check,Yes,81.15,DSL
2232-DMLXU,Month-to-month,Mailed check,No,55.2,DSL
4811-JBUVU,Month-to-month,Credit card (automatic),Yes,89.9,Fiber optic
0945-TSONX,Two year,Credit card (automatic),Yes,85.3,DSL
2651-ZCBXV,Two year,Credit card (automatic),Yes,108.0,Fiber optic
3316-UWXUY,Month-to-month,Credit card (automatic),Yes,93.5,Fiber optic
8937-RDTHP,Month-to-month,Mailed check,Yes,84.6,Fiber optic
7083-MIOPC,Two year,Credit card (automatic),No,20.25,No
1984-GPTEH,Month-to-month,Electronic check,No,25.15,No
1251-KRREG,Month-to-month,Mailed check,Yes,54.4,DSL
0621-JFHOL,Two year,Mailed check,Yes,29.6,DSL
9903-LYSAB,Month-to-month,Electronic check,Yes,73.15,Fiber optic
0094-OIFMO,Month-to-month,Electronic check,Yes,95.0,Fiber optic
9227-UAQFT,Two year,Mailed check,No,19.75,No
7301-ABVAD,Two year,Bank transfer (automatic),No,86.6,DSL
6614-FHDBO,Two year,Bank transfer (automatic),No,109.2,Fiber optic
7576-ASEJU,One year,Credit card (automatic),Yes,74.7,DSL
9058-HRZSV,Month-to-month,Electronic check,No,94.4,Fiber optic
4522-AKYLR,Month-to-month,Electronic check,Yes,54.8,DSL
0221-WMXNQ,Month-to-month,Electronic check,No,75.35,Fiber optic
0303-UNCIP,One year,Mailed check,No,65.0,DSL
9947-OTFQU,Month-to-month,Electronic check,Yes,74.4,Fiber optic
0322-YINQP,Month-to-month,Mailed check,Yes,48.55,DSL
0959-WHOKV,One year,Electronic check,Yes,99.0,Fiber optic
4075-JFPGR,One year,Electronic check,Yes,93.5,Fiber optic
4629-NRXKX,Month-to-month,Electronic check,No,70.4,Fiber optic
9514-JDSKI,Month-to-month,Electronic check,No,40.2,DSL
3282-ZISZV,One year,Credit card (automatic),No,83.7,DSL
3675-YDUPJ,Month-to-month,Mailed check,Yes,19.85,No
4111-BNXIF,Two year,Electronic check,Yes,59.55,DSL
7017-VFHAY,Two year,Credit card (automatic),No,115.1,Fiber optic
6655-LHBYW,One year,Credit card (automatic),No,114.35,Fiber optic
4959-JOSRX,Month-to-month,Credit card (automatic),Yes,44.6,DSL
5046-NUHWD,Month-to-month,Electronic check,Yes,45.0,DSL
7273-TEFQD,Month-to-month,Electronic check,Yes,41.15,DSL
3606-TWKGI,Month-to-month,Electronic check,Yes,106.9,Fiber optic
7529-ZDFXI,Month-to-month,Electronic check,Yes,89.85,Fiber optic
7605-BDWDC,Two year,Bank transfer (automatic),Yes,49.85,DSL
1950-KSVVJ,One year,Mailed check,No,113.3,Fiber optic
0123-CRBRT,Two year,Mailed check,No,88.1,DSL
6292-TOSSS,Two year,Bank transfer (automatic),No,24.9,No
3197-ARFOY,Month-to-month,Mailed check,Yes,105.0,Fiber optic
6323-AYBRX,Two year,Mailed check,No,19.35,No
7014-ZZXAW,Two year,Credit card (automatic),Yes,24.25,No
4385-GZQXV,Month-to-month,Electronic check,Yes,94.45,Fiber optic
7633-MVPUY,Two year,Electronic check,Yes,59.75,DSL
6366-ZGQGL,Month-to-month,Bank transfer (automatic),No,24.8,DSL
4716-HHKQH,Month-to-month,Electronic check,No,107.05,Fiber optic
5940-AHUHD,Month-to-month,Mailed check,No,70.6,Fiber optic
6432-TWQLB,Month-to-month,Electronic check,Yes,85.4,Fiber optic
4484-GLZOU,Month-to-month,Electronic check,Yes,105.05,Fiber optic
3179-GBRWV,Month-to-month,Bank transfer (automatic),Yes,64.95,DSL
8645-KWHJO,Month-to-month,Electronic check,Yes,55.0,DSL
4130-MZLCC,Month-to-month,Bank transfer (automatic),No,50.55,DSL
0314-TKOSI,Month-to-month,Mailed check,No,55.15,DSL
8229-MYEJZ,Month-to-month,Electronic check,No,51.2,DSL
2080-SRCDE,Month-to-month,Mailed check,No,25.4,No
9577-WJVCQ,Month-to-month,Mailed check,No,54.45,DSL
9512-UIBFX,Month-to-month,Mailed check,No,95.15,Fiber optic
6202-DYYFX,One year,Credit card (automatic),Yes,76.0,Fiber optic
3808-HFKDE,Month-to-month,Electronic check,Yes,44.35,DSL
5583-SXDAG,Month-to-month,Electronic check,No,70.0,Fiber optic
3488-PGMQJ,Month-to-month,Electronic check,Yes,74.5,Fiber optic
3580-REOAC,Month-to-month,Credit card (automatic),Yes,44.85,DSL
7534-BFESC,Month-to-month,Electronic check,Yes,76.1,Fiber optic
3727-OWVYD,One year,Mailed check,No,61.2,DSL
2294-SALNE,One year,Mailed check,No,86.8,Fiber optic
4847-TAJYI,Month-to-month,Electronic check,Yes,89.35,Fiber optic
1563-IWQEX,Month-to-month,Mailed check,No,19.7,No
8203-XJZRC,Month-to-month,Mailed check,No,20.25,No
6556-DBKZF,Two year,Electronic check,No,76.05,Fiber optic
6851-WEFYX,Month-to-month,Electronic check,Yes,100.8,Fiber optic
2985-JUUBZ,Month-to-month,Electronic check,Yes,74.55,DSL
6390-DSAZX,Month-to-month,Mailed check,Yes,73.6,Fiber optic
0895-LMRSF,One year,Bank transfer (automatic),Yes,64.9,DSL
8098-LLAZX,Month-to-month,Electronic check,Yes,95.45,Fiber optic
8266-VBFQL,Month-to-month,Electronic check,Yes,90.4,Fiber optic
8181-YHCMF,Two year,Credit card (automatic),No,60.3,DSL
2240-HSJQD,Month-to-month,Mailed check,Yes,81.85,Fiber optic
1248-DYXUB,Two year,Mailed check,No,24.8,No
0265-EDXBD,Month-to-month,Electronic check,Yes,74.9,Fiber optic
4115-BNPJY,Two year,Mailed check,No,75.55,DSL
3167-SNQPL,Month-to-month,Electronic check,No,101.15,Fiber optic
4091-TVOCN,One year,Credit card (automatic),Yes,78.75,DSL
1098-TDVUQ,Month-to-month,Bank transfer (automatic),Yes,19.25,No
7277-OZCGZ,Month-to-month,Electronic check,Yes,89.05,Fiber optic
1557-EMYVT,Two year,Credit card (automatic),No,115.05,Fiber optic
2799-ARNLO,Month-to-month,Electronic check,Yes,69.35,Fiber optic
7563-BIUPC,Month-to-month,Electronic check,Yes,80.6,Fiber optic
5027-YOCXN,One year,Credit card (automatic),No,110.05,Fiber optic
3973-SKMLN,Two year,Credit card (automatic),Yes,19.9,No
2321-OMBXY,One year,Credit card (automatic),No,80.3,DSL
2840-XANRC,Month-to-month,Electronic check,Yes,93.15,Fiber optic
6745-JEFZB,Month-to-month,Credit card (automatic),Yes,91.5,Fiber optic
5020-ZSTTY,One year,Bank transfer (automatic),No,82.45,DSL
9880-TDQAC,Two year,Electronic check,Yes,60.0,DSL
8705-WZCYL,Month-to-month,Electronic check,Yes,44.8,DSL
7102-JJVTX,One year,Mailed check,No,48.6,DSL
8626-PTQGE,Two year,Bank transfer (automatic),Yes,60.05,DSL
4983-CLMLV,Month-to-month,Credit card (automatic),Yes,102.7,Fiber optic
5701-YVSVF,Month-to-month,Electronic check,Yes,82.9,Fiber optic
5804-LEPIM,Month-to-month,Electronic check,Yes,70.35,Fiber optic
5697-GOMBF,Month-to-month,Electronic check,Yes,35.9,DSL
2739-CACDQ,Month-to-month,Credit card (automatic),Yes,82.65,Fiber optic
9385-EHGDO,Two year,Mailed check,Yes,19.85,No
9498-FIMXL,One year,Mailed check,Yes,19.2,No
2379-GYFLQ,One year,Credit card (automatic),Yes,94.9,Fiber optic
0122-OAHPZ,Month-to-month,Electronic check,Yes,73.85,Fiber optic
2868-SNELZ,Month-to-month,Mailed check,No,80.6,Fiber optic
4322-RCYMT,One year,Bank transfer (automatic),Yes,75.8,DSL
6680-NENYN,Two year,Electronic check,Yes,104.6,Fiber optic
2088-IEBAU,Two year,Electronic check,Yes,88.15,DSL
7982-VCELR,Month-to-month,Credit card (automatic),Yes,94.8,Fiber optic
1343-EHPYB,Month-to-month,Electronic check,Yes,103.4,Fiber optic
6035-BXTTY,Month-to-month,Bank transfer (automatic),No,54.65,DSL
6885-PKOAM,Two year,Credit card (automatic),No,85.75,DSL
7520-HQWJU,Month-to-month,Bank transfer (automatic),Yes,67.45,DSL
9639-BUJXT,One year,Mailed check,No,20.5,No
5924-SNGKP,One year,Credit card (automatic),Yes,20.25,No
0021-IKXGC,Month-to-month,Electronic check,Yes,72.1,Fiber optic
2034-GDRCN,Month-to-month,Electronic check,Yes,90.4,Fiber optic
8966-SNIZF,Two year,Bank transfer (automatic),No,19.45,No
6243-OZGFH,Month-to-month,Electronic check,Yes,44.95,DSL
4654-DLAMQ,One year,Bank transfer (automatic),No,97.0,Fiber optic
0513-RBGPE,Two year,Credit card (automatic),Yes,62.8,DSL
5160-UXJED,One year,Mailed check,No,44.6,DSL
4115-NZRKS,Month-to-month,Electronic check,Yes,89.15,Fiber optic
0219-YTZUE,Month-to-month,Bank transfer (automatic),Yes,84.8,Fiber optic
0623-IIHUG,Month-to-month,Electronic check,Yes,41.9,DSL
4572-DVCGN,Month-to-month,Bank transfer (automatic),Yes,80.25,Fiber optic
3351-NGXYI,Month-to-month,Electronic check,Yes,54.1,DSL
8984-EYLLL,Two year,Electronic check,Yes,105.25,Fiber optic
9057-MSWCO,Month-to-month,Credit card (automatic),No,30.75,DSL
9833-TGFHX,One year,Electronic check,No,97.1,Fiber optic
9294-TDIPC,Month-to-month,Mailed check,No,20.2,No
5229-DTFYB,Two year,Bank transfer (automatic),Yes,98.8,Fiber optic
0104-PPXDV,One year,Credit card (automatic),No,50.3,DSL
5176-LMJXE,Two year,Mailed check,Yes,20.55,No
3583-KRKMD,Month-to-month,Bank transfer (automatic),Yes,75.9,Fiber optic
1010-DIAUQ,Month-to-month,Bank transfer (automatic),No,96.5,Fiber optic
9069-LGEUL,Month-to-month,Bank transfer (automatic),Yes,59.95,DSL
7302-ZHMHP,Month-to-month,Mailed check,No,19.15,No
9571-EDEBV,One year,Credit card (automatic),Yes,98.65,Fiber optic
3520-FJGCV,Two year,Credit card (automatic),Yes,112.6,Fiber optic
6563-VRERX,One year,Mailed check,No,20.6,No
0259-GBZSH,Month-to-month,Electronic check,Yes,85.65,Fiber optic
6122-EFVKN,Two year,Mailed check,No,35.75,DSL
2805-EDJPQ,One year,Credit card (automatic),Yes,99.75,Fiber optic
6862-CQUMB,Month-to-month,Credit card (automatic),Yes,96.1,Fiber optic
7156-MXBJE,One year,Credit card (automatic),No,85.1,DSL
6158-HDPXZ,Month-to-month,Mailed check,No,25.35,DSL
9601-BRXPO,Month-to-month,Bank transfer (automatic),Yes,104.95,Fiber optic
2863-IMQDR,Two year,Electronic check,No,89.65,DSL
5686-CMAWK,One year,Electronic check,No,86.75,Fiber optic
5651-CRHKQ,One year,Bank transfer (automatic),Yes,86.2,Fiber optic
6905-NIQIN,Month-to-month,Mailed check,No,50.65,DSL
8204-YJCLA,Two year,Bank transfer (automatic),Yes,64.8,DSL
5167-ZFFMM,Month-to-month,Credit card (automatic),Yes,90.85,Fiber optic
6583-SZVGP,Two year,Bank transfer (automatic),Yes,108.1,Fiber optic
4895-TMWIR,Month-to-month,Mailed check,No,19.95,No
0533-BNWKF,Month-to-month,Electronic check,Yes,85.45,Fiber optic
1708-PBBOA,One year,Electronic check,Yes,54.75,DSL
8782-LKFPK,Month-to-month,Mailed check,Yes,90.4,Fiber optic
5522-JBWMO,Month-to-month,Electronic check,No,44.0,DSL
3597-MVHJT,Month-to-month,Bank transfer (automatic),Yes,95.6,Fiber optic
9774-NRNAU,Month-to-month,Bank transfer (automatic),Yes,84.8,DSL
0224-RLWWD,Month-to-month,Electronic check,Yes,44.3,DSL
9967-ATRFS,Month-to-month,Mailed check,No,19.9,No
3951-NJCVI,Month-to-month,Electronic check,Yes,95.05,Fiber optic
2977-CEBSX,Two year,Credit card (automatic),Yes,90.05,DSL
0177-PXBAT,Month-to-month,Bank transfer (automatic),Yes,109.9,Fiber optic
6599-CEBNN,Month-to-month,Credit card (automatic),Yes,73.95,Fiber optic
2519-ERQOJ,Month-to-month,Electronic check,Yes,54.6,DSL
5876-QMYLD,One year,Mailed check,No,20.05,No
2277-AXSDC,One year,Bank transfer (automatic),No,19.75,No
9442-JTWDL,One year,Credit card (automatic),No,20.05,No
0979-PHULV,Month-to-month,Credit card (automatic),Yes,99.45,Fiber optic
3067-SVMTC,One year,Bank transfer (automatic),No,55.9,DSL
5495-GPSRW,Two year,Mailed check,Yes,19.7,No
7606-BPHHN,Two year,Credit card (automatic),Yes,19.8,No
4742-DRORA,One year,Bank transfer (automatic),Yes,95.4,Fiber optic
0111-KLBQG,Month-to-month,Mailed check,Yes,93.95,Fiber optic
4800-VHZKI,Month-to-month,Mailed check,Yes,19.9,No
7989-CHGTL,Month-to-month,Mailed check,Yes,19.6,No
0334-GDDSO,Month-to-month,Electronic check,Yes,81.35,Fiber optic
4163-NCJAK,One year,Bank transfer (automatic),Yes,24.45,No
5233-AOZUF,Month-to-month,Electronic check,Yes,74.95,Fiber optic
5973-EJGDP,Month-to-month,Electronic check,Yes,87.35,Fiber optic
1996-DBMUS,Month-to-month,Bank transfer (automatic),Yes,70.65,Fiber optic
7916-VCCPB,Month-to-month,Bank transfer (automatic),No,73.25,Fiber optic
4686-GEFRM,Two year,Bank transfer (automatic),Yes,98.7,Fiber optic
5249-QYHEX,Two year,Mailed check,Yes,24.8,No
0578-SKVMF,Month-to-month,Electronic check,No,83.3,Fiber optic
5564-NEMQO,Month-to-month,Bank transfer (automatic),Yes,75.3,Fiber optic
2233-FAGXV,Month-to-month,Mailed check,Yes,24.3,No
5605-IYGFG,Month-to-month,Bank transfer (automatic),Yes,69.85,Fiber optic
7663-ZTEGJ,One year,Credit card (automatic),No,100.55,Fiber optic
3935-TBRZZ,One year,Mailed check,No,25.7,No
8111-BKVDS,Month-to-month,Bank transfer (automatic),No,40.7,DSL
2055-SIFSS,Month-to-month,Bank transfer (automatic),No,51.65,DSL
2806-MLNTI,One year,Bank transfer (automatic),Yes,105.1,Fiber optic
8734-DKSTZ,Month-to-month,Electronic check,No,85.95,Fiber optic
4360-PNRQB,Month-to-month,Bank transfer (automatic),Yes,75.6,Fiber optic
6152-ONASV,One year,Bank transfer (automatic),No,58.25,DSL
9063-ZGTUY,Month-to-month,Mailed check,Yes,19.4,No
7781-HVGMK,Two year,Credit card (automatic),Yes,65.2,DSL
2181-UAESM,Month-to-month,Electronic check,No,53.45,DSL
2957-LOLHO,Month-to-month,Bank transfer (automatic),Yes,45.4,DSL
6048-NJXHX,Two year,Electronic check,Yes,19.75,No
2320-SLKMB,Month-to-month,Credit card (automatic),Yes,44.45,DSL
4980-URKXC,One year,Bank transfer (automatic),No,20.85,No
4376-KFVRS,Two year,Credit card (automatic),Yes,114.05,Fiber optic
5886-VLQVU,Month-to-month,Bank transfer (automatic),Yes,89.85,Fiber optic
3577-AMVUX,Month-to-month,Mailed check,No,55.05,DSL
0771-WLCLA,Month-to-month,Electronic check,Yes,112.95,Fiber optic
5628-RKIFK,Month-to-month,Credit card (automatic),No,101.55,Fiber optic
0206-TBWLC,One year,Mailed check,Yes,114.65,Fiber optic
2937-FTHUR,Month-to-month,Electronic check,No,64.8,DSL
1910-FMXJM,Month-to-month,Electronic check,No,80.4,Fiber optic
7752-XUSCI,Month-to-month,Electronic check,Yes,105.9,Fiber optic
4110-PFEUZ,Month-to-month,Mailed check,No,69.55,Fiber optic
0732-OCQOC,Two year,Bank transfer (automatic),Yes,25.05,No
5168-MSWXT,Month-to-month,Electronic check,Yes,94.75,Fiber optic
1090-ESELR,Two year,Bank transfer (automatic),No,105.5,Fiber optic
8592-PLTMQ,One year,Mailed check,No,24.7,No
5760-WRAHC,Month-to-month,Mailed check,Yes,69.75,DSL
8847-GEOOQ,Month-to-month,Bank transfer (automatic),Yes,60.2,DSL
0256-LTHVJ,Month-to-month,Electronic check,Yes,81.05,Fiber optic
4785-FCIFB,Two year,Mailed check,No,24.4,No
8313-NDOIA,Month-to-month,Electronic check,Yes,104.15,Fiber optic
5149-CUZUJ,One year,Bank transfer (automatic),No,92.9,Fiber optic
0942-KOWSM,Two year,Bank transfer (automatic),No,80.8,DSL
4237-CLSMM,Month-to-month,Mailed check,No,20.0,No
1452-VOQCH,Month-to-month,Electronic check,Yes,75.1,Fiber optic
4719-UMSIY,Month-to-month,Mailed check,No,19.65,No
6614-VBEGU,Month-to-month,Bank transfer (automatic),Yes,69.45,DSL
0880-TKATG,Month-to-month,Electronic check,No,101.15,Fiber optic
3811-VBYBZ,Month-to-month,Electronic check,Yes,99.8,Fiber optic
1480-BKXGA,Two year,Bank transfer (automatic),Yes,116.05,Fiber optic
2996-XAUVF,Two year,Mailed check,Yes,40.05,DSL
9076-AXYIK,Two year,Electronic check,No,102.1,Fiber optic
5968-XQIVE,One year,Electronic check,Yes,89.7,Fiber optic
8896-RAZCR,Two year,Mailed check,No,19.9,No
4640-UHDOS,Month-to-month,Electronic check,No,55.95,DSL
4933-IKULF,One year,Mailed check,No,20.65,No
3583-EKAPL,Month-to-month,Electronic check,Yes,55.0,DSL
1304-BCCFO,Month-to-month,Mailed check,Yes,70.05,DSL
4104-PVRPS,Month-to-month,Mailed check,No,53.6,DSL
9399-APLBT,Month-to-month,Electronic check,Yes,74.7,Fiber optic
2359-KMGLI,Month-to-month,Electronic check,Yes,80.25,Fiber optic
3780-DDGSE,Month-to-month,Electronic check,Yes,76.05,DSL
4431-EDMIQ,Month-to-month,Electronic check,Yes,75.7,DSL
0306-JAELE,Month-to-month,Electronic check,Yes,96.1,Fiber optic
6227-HWPWX,Month-to-month,Bank transfer (automatic),No,69.0,Fiber optic
0486-LGCCH,Two year,Mailed check,No,19.65,No
0447-BEMNG,Month-to-month,Bank transfer (automatic),Yes,45.3,DSL
4612-SSVHJ,Month-to-month,Electronic check,Yes,81.45,Fiber optic
5168-MQQCA,One year,Bank transfer (automatic),Yes,108.5,Fiber optic
5949-XIKAE,Month-to-month,Electronic check,Yes,83.55,Fiber optic
7971-HLVXI,Two year,Credit card (automatic),Yes,84.5,Fiber optic
9094-AZPHK,Month-to-month,Electronic check,Yes,100.15,Fiber optic
3649-JPUGY,Two year,Bank transfer (automatic),Yes,88.6,DSL
4472-LVYGI,Two year,Bank transfer (automatic),Yes,52.55,DSL
8372-JUXUI,Month-to-month,Electronic check,Yes,74.35,Fiber optic
3552-CTCYF,Two year,Bank transfer (automatic),Yes,104.8,Fiber optic
6778-YSNIH,Month-to-month,Electronic check,Yes,59.0,DSL
0388-EOPEX,Month-to-month,Electronic check,Yes,74.4,Fiber optic
5756-OZRIO,One year,Bank transfer (automatic),No,64.05,DSL
6579-JPICP,Month-to-month,Mailed check,No,20.4,No
8205-OTCHB,One year,Bank transfer (automatic),Yes,43.75,DSL
4134-BSXLX,Month-to-month,Mailed check,No,60.9,DSL
0505-SPOOW,Two year,Bank transfer (automatic),No,19.8,No
6235-VDHOM,Month-to-month,Electronic check,No,28.45,DSL
7783-YKGDV,Month-to-month,Bank transfer (automatic),Yes,99.7,Fiber optic
4374-YMUSQ,One year,Credit card (automatic),No,116.25,Fiber optic
4513-CXYIX,Two year,Credit card (automatic),Yes,80.7,Fiber optic
3957-HHLMR,One year,Bank transfer (automatic),No,65.2,DSL
7803-XOCCZ,Month-to-month,Bank transfer (automatic),Yes,84.05,Fiber optic
5736-YEJAX,Two year,Credit card (automatic),Yes,79.45,DSL
5609-CEBID,Month-to-month,Electronic check,Yes,94.1,Fiber optic
8981-FJGLA,Month-to-month,Mailed check,Yes,78.0,Fiber optic
7218-HKQFK,Month-to-month,Electronic check,Yes,94.2,Fiber optic
4636-QRJKY,Month-to-month,Electronic check,Yes,80.5,Fiber optic
1135-LMECX,Month-to-month,Mailed check,No,19.85,No
4332-MUOEZ,One year,Credit card (automatic),No,94.3,Fiber optic
8535-SFUTN,Month-to-month,Electronic check,Yes,106.45,Fiber optic
5956-VKDTT,Month-to-month,Electronic check,Yes,74.35,Fiber optic
8677-HDZEE,Month-to-month,Bank transfer (automatic),Yes,105.45,Fiber optic
2475-MROZF,Month-to-month,Credit card (automatic),Yes,95.0,Fiber optic
9412-GHEEC,Month-to-month,Bank transfer (automatic),No,104.8,Fiber optic
3482-ABPKK,One year,Mailed check,No,54.3,DSL
6705-LXORM,Month-to-month,Electronic check,No,70.05,Fiber optic
0257-ZESQC,Month-to-month,Bank transfer (automatic),Yes,75.2,Fiber optic
7531-GQHME,Month-to-month,Credit card (automatic),No,20.05,No
5174-ITUMV,One year,Electronic check,Yes,105.4,Fiber optic
4109-CYRBD,Month-to-month,Electronic check,Yes,51.6,DSL
0913-XWSCN,Month-to-month,Bank transfer (automatic),No,85.5,Fiber optic
6825-UYPFK,Month-to-month,Bank transfer (automatic),No,75.6,Fiber optic
8397-MVTAZ,Month-to-month,Electronic check,Yes,100.05,Fiber optic
0750-EBAIU,One year,Electronic check,No,91.25,Fiber optic
8606-CIQUL,Two year,Credit card (automatic),Yes,115.75,Fiber optic
3571-DPYUH,One year,Credit card (automatic),Yes,94.7,Fiber optic
7601-GNDYK,Two year,Mailed check,No,19.6,No
0356-OBMAC,Two year,Bank transfer (automatic),Yes,99.9,Fiber optic
8067-NIOYM,Two year,Credit card (automatic),Yes,21.1,No
1403-GYAFU,Two year,Credit card (automatic),No,20.05,No
4234-XTNEA,Month-to-month,Electronic check,Yes,79.95,Fiber optic
1297-VQDRP,One year,Credit card (automatic),Yes,107.15,Fiber optic
9282-IZGQK,Month-to-month,Electronic check,Yes,85.0,Fiber optic
5348-CAGXB,Month-to-month,Electronic check,Yes,89.55,Fiber optic
0621-HJWXJ,Month-to-month,Bank transfer (automatic),Yes,81.55,Fiber optic
5844-QVTAT,One year,Mailed check,Yes,58.45,DSL
8905-IAZPF,One year,Credit card (automatic),Yes,95.65,Fiber optic
5394-MEITZ,Two year,Bank transfer (automatic),Yes,80.6,DSL
6859-QNXIQ,Two year,Bank transfer (automatic),Yes,113.1,Fiber optic
2782-LFZVW,Month-to-month,Mailed check,Yes,58.95,DSL
2866-IKBTM,Month-to-month,Mailed check,No,19.55,No
1342-JPNKI,Month-to-month,Bank transfer (automatic),Yes,86.05,Fiber optic
2817-NTQDO,Month-to-month,Credit card (automatic),Yes,45.55,DSL
7129-AZJDE,One year,Bank transfer (automatic),Yes,78.95,Fiber optic
6986-IJDHX,Month-to-month,Mailed check,Yes,86.3,Fiber optic
2560-PPCHE,One year,Bank transfer (automatic),Yes,105.05,Fiber optic
4676-MQUEA,One year,Bank transfer (automatic),Yes,101.9,Fiber optic
8138-EALND,Month-to-month,Mailed check,No,19.75,No
3580-HYCSP,Two year,Bank transfer (automatic),Yes,110.3,Fiber optic
1352-HNSAW,Two year,Bank transfer (automatic),Yes,115.6,Fiber optic
2075-PUEPR,Two year,Bank transfer (automatic),No,19.35,No
1982-FEBTD,Two year,Credit card (automatic),Yes,25.6,No
5301-GAUUY,Month-to-month,Bank transfer (automatic),Yes,80.35,Fiber optic
5791-KAJFD,One year,Bank transfer (automatic),Yes,68.75,DSL
2654-VBVPB,Month-to-month,Bank transfer (automatic),No,19.9,No
1154-HYWWO,One year,Mailed check,No,70.6,DSL
2501-XWWTZ,Month-to-month,Electronic check,No,70.2,Fiber optic
3716-UVSPD,Month-to-month,Electronic check,Yes,49.3,DSL
6815-ABQFQ,One year,Electronic check,Yes,107.25,Fiber optic
7343-EOBEU,Month-to-month,Mailed check,Yes,23.6,No
3701-SFMUH,Month-to-month,Credit card (automatic),No,69.7,DSL
6103-LIANB,Two year,Credit card (automatic),Yes,99.5,Fiber optic
7319-VENRZ,Month-to-month,Bank transfer (automatic),No,64.3,DSL
5846-NEQVZ,Two year,Credit card (automatic),Yes,70.85,DSL
6967-QIQRV,One year,Electronic check,No,101.9,Fiber optic
5781-RFZRP,Two year,Credit card (automatic),No,73.5,DSL
0939-YAPAF,Month-to-month,Electronic check,Yes,100.25,Fiber optic
0308-IVGOK,One year,Credit card (automatic),Yes,40.4,DSL
7293-LSCDV,Two year,Credit card (automatic),Yes,19.25,No
7025-WCBNE,Two year,Bank transfer (automatic),No,59.6,DSL
5756-JYOJT,One year,Credit card (automatic),No,64.9,DSL
4710-FDUIZ,One year,Credit card (automatic),No,100.3,Fiber optic
6030-REHUX,Month-to-month,Electronic check,Yes,110.85,Fiber optic
9548-LIGTA,Two year,Mailed check,Yes,81.05,DSL
5150-LJNSR,One year,Bank transfer (automatic),No,98.05,Fiber optic
8270-RKSAP,Month-to-month,Electronic check,Yes,70.5,Fiber optic
6522-YRBXD,Month-to-month,Electronic check,Yes,94.55,Fiber optic
2640-LYMOV,Month-to-month,Mailed check,Yes,19.65,No
1218-VKFPE,Month-to-month,Mailed check,No,19.0,No
3627-FHKBK,Month-to-month,Mailed check,No,75.3,Fiber optic
2865-TCHJW,Month-to-month,Electronic check,Yes,89.2,Fiber optic
1423-BMPBQ,Month-to-month,Mailed check,Yes,19.0,No
2393-DIVAI,Month-to-month,Mailed check,Yes,20.0,No
5192-EBGOV,Month-to-month,Electronic check,Yes,85.7,Fiber optic
4568-KNYWR,Two year,Credit card (automatic),Yes,63.25,DSL
8752-IMQOS,One year,Mailed check,No,20.1,No
0742-LAFQK,Two year,Electronic check,Yes,99.15,Fiber optic
0795-LAFGP,Two year,Electronic check,No,90.4,DSL
0619-OLYUR,Two year,Credit card (automatic),Yes,111.9,Fiber optic
5512-IDZEI,One year,Electronic check,No,24.9,No
0459-SPZHJ,Two year,Credit card (automatic),No,83.5,DSL
0215-BQKGS,Month-to-month,Credit card (automatic),Yes,84.3,Fiber optic
9244-ZVAPM,Month-to-month,Mailed check,No,45.6,DSL
0719-SYFRB,Month-to-month,Mailed check,Yes,61.65,DSL
8208-EUMTE,Two year,Mailed check,No,54.85,DSL
5172-MIGPM,Month-to-month,Mailed check,No,65.55,DSL
1710-RCXUS,One year,Credit card (automatic),Yes,90.35,Fiber optic
0374-FIUCA,Two year,Credit card (automatic),Yes,20.4,No
5839-SUYVZ,Month-to-month,Credit card (automatic),Yes,74.55,Fiber optic
5173-ZXXXL,One year,Mailed check,No,19.95,No
1096-ADRUX,One year,Bank transfer (automatic),Yes,74.25,Fiber optic
2001-MCUUW,Two year,Electronic check,No,108.65,Fiber optic
2731-GJRDG,One year,Bank transfer (automatic),Yes,109.55,Fiber optic
4723-BEGSG,Two year,Credit card (automatic),No,86.65,DSL
6516-NKQBO,Two year,Credit card (automatic),No,81.0,DSL
8672-OAUPW,One year,Credit card (automatic),No,47.85,DSL
8207-DMRVL,Two year,Bank transfer (automatic),No,114.55,Fiber optic
3419-SNJJD,Month-to-month,Bank transfer (automatic),No,105.25,Fiber optic
6543-CPZMK,Month-to-month,Electronic check,Yes,29.95,DSL
4765-OXPPD,Month-to-month,Mailed check,No,65.0,DSL
2804-ETQDK,Two year,Mailed check,No,20.55,No
6689-VRRTK,One year,Credit card (automatic),Yes,109.8,Fiber optic
7138-GIRSH,Two year,Bank transfer (automatic),No,69.5,DSL
9396-ZSFLL,Month-to-month,Mailed check,No,48.85,DSL
6464-KEXXH,Month-to-month,Credit card (automatic),Yes,25.25,DSL
7134-MJPDY,One year,Credit card (automatic),Yes,102.85,Fiber optic
5240-CAOYT,Month-to-month,Bank transfer (automatic),Yes,87.55,Fiber optic
4059-IIEBK,Month-to-month,Bank transfer (automatic),Yes,78.55,Fiber optic
4881-JVQOD,Month-to-month,Bank transfer (automatic),Yes,34.55,DSL
0516-UXRMT,One year,Electronic check,Yes,92.05,Fiber optic
4851-BQDNX,One year,Electronic check,Yes,85.05,Fiber optic
5148-HKFIR,Two year,Mailed check,No,19.7,No
1009-IRMNA,Month-to-month,Bank transfer (automatic),No,20.0,No
3003-CMDUU,Month-to-month,Electronic check,Yes,95.15,Fiber optic
5016-IBERQ,Month-to-month,Electronic check,No,84.25,Fiber optic
6797-UCJHZ,One year,Credit card (automatic),No,104.6,Fiber optic
2469-DTSGX,Two year,Electronic check,No,111.65,Fiber optic
4554-YGZIH,Month-to-month,Credit card (automatic),No,90.05,Fiber optic
5099-BAILX,Month-to-month,Bank transfer (automatic),Yes,110.75,Fiber optic
9931-KGHOA,Month-to-month,Bank transfer (automatic),No,55.0,DSL
1775-KWJKQ,Two year,Credit card (automatic),No,89.85,DSL
7665-VIGUD,One year,Mailed check,No,20.35,No
9411-TPQQV,One year,Bank transfer (automatic),Yes,54.55,DSL
7207-RMRDB,Month-to-month,Electronic check,Yes,105.5,Fiber optic
7954-MLBUN,Two year,Bank transfer (automatic),No,99.45,Fiber optic
2077-DDHJK,Two year,Credit card (automatic),No,70.9,DSL
4913-EHYUI,One year,Bank transfer (automatic),Yes,104.55,Fiber optic
0195-IESCP,Month-to-month,Electronic check,Yes,85.25,Fiber optic
9574-BOSMD,Two year,Bank transfer (automatic),No,25.4,No
4580-TMHJU,Month-to-month,Electronic check,No,56.15,DSL
0970-ETWGE,Month-to-month,Electronic check,Yes,89.55,Fiber optic
4908-XAXAY,One year,Bank transfer (automatic),Yes,89.85,Fiber optic
8404-VLQFB,Month-to-month,Electronic check,Yes,25.25,No
1626-ERCMM,Month-to-month,Electronic check,Yes,94.55,Fiber optic
0887-HJGAR,Month-to-month,Mailed check,Yes,45.7,DSL
2391-IPLOP,One year,Electronic check,Yes,69.65,DSL
5644-PDMZC,Month-to-month,Electronic check,No,89.5,Fiber optic
3509-GWQGF,Month-to-month,Credit card (automatic),No,70.0,Fiber optic
9576-ANLXO,Month-to-month,Bank transfer (automatic),Yes,69.55,Fiber optic
2024-BASKD,Month-to-month,Mailed check,Yes,74.6,Fiber optic
5845-BZZIB,Two year,Mailed check,No,20.1,No
1140-UKVZG,Month-to-month,Mailed check,No,24.8,No
4160-AMJTL,Month-to-month,Electronic check,No,19.65,No
5183-SNMJQ,Month-to-month,Credit card (automatic),Yes,95.1,Fiber optic
8100-PNJMH,Two year,Credit card (automatic),Yes,88.85,DSL
7838-LAZFO,One year,Bank transfer (automatic),No,78.8,DSL
4464-JCOLN,One year,Mailed check,No,19.85,No
2085-JVGAD,Month-to-month,Bank transfer (automatic),No,20.35,No
5650-VDUDS,Month-to-month,Mailed check,Yes,24.25,DSL
8095-WANWK,Month-to-month,Mailed check,No,45.25,DSL
3030-ZKIWL,Month-to-month,Mailed check,No,20.05,No
9565-FLVCG,Two year,Mailed check,Yes,69.55,DSL
8755-OGKNA,Two year,Bank transfer (automatic),No,19.5,No
2800-VEQXM,Month-to-month,Mailed check,Yes,74.75,Fiber optic
7538-GWHML,Month-to-month,Electronic check,No,69.65,Fiber optic
5533-RJFTJ,Month-to-month,Bank transfer (automatic),Yes,30.2,DSL
3859-CVCET,Month-to-month,Mailed check,No,45.65,DSL
0214-JHPFW,Two year,Bank transfer (automatic),No,57.8,DSL
5642-MHDQT,One year,Bank transfer (automatic),Yes,19.85,No
3088-FVYWK,Two year,Credit card (automatic),No,25.55,No
3276-HDUEG,Month-to-month,Mailed check,Yes,75.05,Fiber optic
9092-GDZKO,Month-to-month,Credit card (automatic),Yes,24.85,No
0823-HSCDJ,Month-to-month,Electronic check,Yes,49.15,DSL
3729-OWRVL,Two year,Electronic check,Yes,110.35,Fiber optic
2324-AALNO,One year,Bank transfer (automatic),No,24.55,No
0822-GAVAP,Month-to-month,Electronic check,Yes,34.7,DSL
5760-IFJOZ,Month-to-month,Mailed check,No,107.95,Fiber optic
2826-UWHIS,Month-to-month,Bank transfer (automatic),No,81.4,Fiber optic
1448-PWKYE,Month-to-month,Electronic check,No,80.0,Fiber optic
7501-IWUNG,Two year,Bank transfer (automatic),Yes,73.8,DSL
4957-TREIR,Month-to-month,Credit card (automatic),Yes,64.4,DSL
7251-LJBQN,One year,Credit card (automatic),Yes,103.75,Fiber optic
8040-MNRTF,Month-to-month,Mailed check,No,71.1,Fiber optic
1536-HBSWP,Month-to-month,Electronic check,Yes,49.9,DSL
5313-FPXWG,One year,Bank transfer (automatic),Yes,24.6,No
0067-DKWBL,Month-to-month,Electronic check,Yes,49.25,DSL
0946-FKYTX,One year,Mailed check,No,30.1,DSL
5076-YVXCM,Month-to-month,Bank transfer (automatic),No,83.4,Fiber optic
8262-COGGB,Month-to-month,Mailed check,Yes,20.45,No
6663-JOCQO,One year,Bank transfer (automatic),Yes,75.25,DSL
9620-QJREV,One year,Credit card (automatic),No,20.55,No
2276-YDAVZ,Month-to-month,Credit card (automatic),Yes,75.1,Fiber optic
2682-KEVRP,One year,Mailed check,Yes,20.05,No
2480-JZOSN,Month-to-month,Mailed check,Yes,20.65,No
0078-XZMHT,Two year,Bank transfer (automatic),Yes,85.15,DSL
5896-NPFWW,Month-to-month,Electronic check,Yes,50.15,DSL
9978-HYCIN,One year,Bank transfer (automatic),Yes,84.95,Fiber optic
8338-QIUNR,Two year,Credit card (automatic),Yes,66.5,DSL
1525-LNLOJ,Two year,Bank transfer (automatic),Yes,63.3,DSL
9450-TRJUU,Month-to-month,Electronic check,No,83.15,Fiber optic
1766-GKNMI,Month-to-month,Electronic check,Yes,84.9,Fiber optic
6942-LBFDP,Month-to-month,Mailed check,Yes,20.55,No
1456-TWCGB,Month-to-month,Mailed check,No,49.25,DSL
7133-VBDCG,Month-to-month,Bank transfer (automatic),Yes,79.85,Fiber optic
7596-ZYWBB,Two year,Mailed check,Yes,59.6,DSL
8329-UTMVM,One year,Bank transfer (automatic),Yes,104.65,Fiber optic
3014-WJKSM,Month-to-month,Credit card (automatic),Yes,75.3,Fiber optic
3347-YJZZE,Month-to-month,Credit card (automatic),No,80.1,DSL
1029-QFBEN,Month-to-month,Mailed check,No,19.55,No
7929-DMBCV,Month-to-month,Mailed check,Yes,81.0,Fiber optic
9661-JALZV,Two year,Credit card (automatic),Yes,24.7,No
5433-KYGHE,Month-to-month,Mailed check,Yes,86.0,Fiber optic
4312-KFRXN,Two year,Mailed check,No,25.4,No
5575-TPIZQ,Month-to-month,Credit card (automatic),Yes,89.15,Fiber optic
0114-IGABW,Two year,Bank transfer (automatic),No,58.25,DSL
9944-AEXBM,Month-to-month,Bank transfer (automatic),Yes,85.65,Fiber optic
1853-ARAAQ,Month-to-month,Credit card (automatic),Yes,50.35,DSL
6952-OMNWB,Month-to-month,Credit card (automatic),Yes,80.35,Fiber optic
4697-LUPSU,One year,Mailed check,No,20.2,No
8434-VGEQQ,Two year,Credit card (automatic),No,20.55,No
4952-YSOGZ,Month-to-month,Electronic check,Yes,85.95,Fiber optic
1589-AGTLK,Month-to-month,Electronic check,Yes,45.35,DSL
5244-IRFIH,Month-to-month,Electronic check,Yes,94.5,Fiber optic
6549-YMFAW,Month-to-month,Mailed check,Yes,21.25,No
4950-HKQTE,Two year,Mailed check,No,26.25,No
6786-OBWQR,Month-to-month,Electronic check,Yes,80.85,Fiber optic
2684-EIWEO,Month-to-month,Credit card (automatic),No,91.7,Fiber optic
2753-JMMCV,Two year,Credit card (automatic),Yes,74.2,DSL
6439-GTPCA,Month-to-month,Electronic check,Yes,87.25,Fiber optic
6621-YOBKI,Month-to-month,Mailed check,No,20.35,No
1216-JWVUX,Month-to-month,Electronic check,Yes,75.5,Fiber optic
7564-GHCVB,Two year,Bank transfer (automatic),No,79.05,Fiber optic
1173-NOEYG,Month-to-month,Bank transfer (automatic),No,90.15,Fiber optic
7595-EHCDL,Month-to-month,Credit card (automatic),No,50.6,DSL
6647-ZEDXT,One year,Credit card (automatic),No,110.45,Fiber optic
2521-NPUZR,Two year,Credit card (automatic),No,101.0,Fiber optic
1307-TVUFB,Month-to-month,Bank transfer (automatic),Yes,79.35,Fiber optic
7503-MIOGA,Two year,Bank transfer (automatic),Yes,89.85,DSL
4381-MHQDC,Two year,Mailed check,Yes,65.0,DSL
6923-JHPMP,Month-to-month,Electronic check,Yes,80.45,Fiber optic
5138-WVKYJ,Month-to-month,Electronic check,No,98.55,Fiber optic
4018-PPNDW,Two year,Mailed check,Yes,24.1,No
1635-FJFCC,Month-to-month,Credit card (automatic),Yes,44.05,DSL
2499-AJYUA,Two year,Credit card (automatic),Yes,110.8,Fiber optic
6919-ELBGL,Two year,Bank transfer (automatic),Yes,114.95,Fiber optic
3966-HRMZA,Month-to-month,Mailed check,No,75.05,Fiber optic
6425-JWTDV,Two year,Mailed check,No,19.25,No
8405-IGQFX,One year,Credit card (automatic),Yes,90.05,Fiber optic
8224-IVVPA,Month-to-month,Mailed check,Yes,56.7,DSL
9477-LGWQI,Two year,Credit card (automatic),Yes,80.15,DSL
1410-RSCMR,Month-to-month,Credit card (automatic),Yes,71.35,DSL
3115-CZMZD,Two year,Mailed check,No,20.25,No
0139-IVFJG,Month-to-month,Electronic check,No,90.35,Fiber optic
6683-VLCTZ,Month-to-month,Electronic check,Yes,98.55,Fiber optic
5730-DBDSI,Two year,Bank transfer (automatic),No,19.7,No
0030-FNXPP,Month-to-month,Mailed check,No,19.85,No
2189-WWOEW,Month-to-month,Bank transfer (automatic),Yes,85.9,Fiber optic
5684-FJVYR,Two year,Bank transfer (automatic),Yes,90.35,Fiber optic
4013-GUXND,Month-to-month,Mailed check,No,20.8,No
1894-IGFSG,Month-to-month,Electronic check,No,89.25,Fiber optic
7379-POKDZ,Month-to-month,Electronic check,Yes,70.3,Fiber optic
1266-NZYUI,Two year,Bank transfer (automatic),No,66.85,DSL
7969-FFOWG,Two year,Mailed check,No,19.9,No
4718-DHSMV,Month-to-month,Mailed check,Yes,35.8,DSL
5175-WLYXL,Month-to-month,Mailed check,Yes,78.85,Fiber optic
7817-OMJNA,One year,Bank transfer (automatic),No,20.4,No
8728-SKJLR,Month-to-month,Electronic check,Yes,74.25,Fiber optic
3137-NYQQI,One year,Mailed check,No,64.8,DSL
7706-DZNKK,Month-to-month,Credit card (automatic),Yes,20.45,No
0236-HFWSV,Month-to-month,Electronic check,Yes,93.35,Fiber optic
3900-AQPHZ,Month-to-month,Mailed check,No,19.9,No
5842-POCOP,Month-to-month,Mailed check,Yes,88.9,Fiber optic
2037-XJFUP,One year,Electronic check,Yes,95.8,Fiber optic
8823-RLPWL,Two year,Credit card (automatic),Yes,110.65,Fiber optic
9505-SQFSW,Month-to-month,Mailed check,No,40.3,DSL
7314-OXENN,Month-to-month,Electronic check,Yes,82.0,Fiber optic
3758-CKOQL,One year,Credit card (automatic),Yes,107.0,Fiber optic
0322-CHQRU,Month-to-month,Electronic check,No,45.35,DSL
5676-CFLYY,Two year,Credit card (automatic),Yes,73.35,DSL
7521-AFHAB,Month-to-month,Mailed check,No,44.8,DSL
0285-INHLN,Month-to-month,Credit card (automatic),Yes,54.75,DSL
4678-DVQEO,Month-to-month,Electronic check,Yes,52.2,DSL
5125-CNDSP,One year,Bank transfer (automatic),Yes,40.6,DSL
0691-IFBQW,One year,Electronic check,Yes,110.0,Fiber optic
4992-LTJNE,Two year,Bank transfer (automatic),No,55.3,DSL
2202-OUTMO,Month-to-month,Bank transfer (automatic),Yes,60.85,DSL
0810-BDHAW,One year,Electronic check,No,78.4,DSL
0229-LFJAF,Two year,Bank transfer (automatic),No,69.65,DSL
7131-ZQZNK,Two year,Credit card (automatic),No,59.85,DSL
3442-ZHHCC,One year,Credit card (automatic),Yes,76.9,DSL
5726-CVNYA,Two year,Mailed check,Yes,19.85,No
9871-ELEYA,Two year,Credit card (automatic),No,67.65,DSL
4257-GAESD,Month-to-month,Credit card (automatic),No,45.0,DSL
5173-WXOQV,Month-to-month,Mailed check,Yes,64.2,DSL
2040-OBMLJ,One year,Credit card (automatic),No,81.7,Fiber optic
6286-ZHAOK,Month-to-month,Bank transfer (automatic),Yes,25.55,No
3807-XHCJH,Month-to-month,Electronic check,No,20.0,No
3009-JWMPU,One year,Electronic check,Yes,96.75,Fiber optic
5671-RQRLP,Two year,Credit card (automatic),Yes,75.65,Fiber optic
1450-GALXR,Month-to-month,Electronic check,Yes,98.5,Fiber optic
8859-AXJZP,Two year,Mailed check,Yes,23.8,No
3174-AKMAS,Two year,Credit card (automatic),Yes,64.2,DSL
3138-BKYAV,Month-to-month,Electronic check,Yes,85.35,Fiber optic
9926-PJHDQ,Two year,Bank transfer (automatic),Yes,76.8,DSL
7382-DFJTU,Month-to-month,Credit card (automatic),No,55.2,DSL
2798-NYLMZ,Two year,Credit card (automatic),Yes,108.55,Fiber optic
4289-DTDKW,Month-to-month,Electronic check,Yes,101.3,Fiber optic
1820-TQVEV,Month-to-month,Electronic check,Yes,69.55,Fiber optic
2239-JALAW,One year,Bank transfer (automatic),Yes,103.25,Fiber optic
4853-RULSV,Two year,Credit card (automatic),Yes,104.0,Fiber optic
8098-TDCBU,Two year,Electronic check,No,25.25,No
3551-GAEGL,One year,Bank transfer (automatic),No,30.4,DSL
4785-NKHCX,Month-to-month,Bank transfer (automatic),No,20.05,No
3196-NVXLZ,Month-to-month,Mailed check,Yes,84.6,Fiber optic
6275-YDUVO,Month-to-month,Mailed check,Yes,86.2,Fiber optic
0036-IHMOT,One year,Bank transfer (automatic),Yes,103.7,Fiber optic
0115-TFERT,Month-to-month,Electronic check,Yes,111.2,Fiber optic
4178-EGMON,Two year,Credit card (automatic),Yes,88.0,Fiber optic
4220-TINQT,Month-to-month,Electronic check,Yes,106.35,Fiber optic
5318-YKDPV,Two year,Credit card (automatic),Yes,79.15,DSL
7975-TZMLR,One year,Electronic check,Yes,103.1,Fiber optic
0295-QVKPB,Month-to-month,Credit card (automatic),Yes,63.95,DSL
4335-BSMJS,Two year,Credit card (automatic),Yes,25.8,No
2311-QYMUQ,Month-to-month,Credit card (automatic),Yes,89.45,Fiber optic
3643-AHCFP,Month-to-month,Bank transfer (automatic),Yes,95.6,Fiber optic
9146-JRIOX,Month-to-month,Mailed check,No,25.55,No
3104-OWCGK,One year,Electronic check,No,90.95,Fiber optic
5337-IIWKZ,Month-to-month,Electronic check,Yes,44.85,DSL
9101-BWFSS,One year,Electronic check,No,108.55,Fiber optic
9650-VBUOG,Two year,Credit card (automatic),No,25.05,No
3487-EARAT,One year,Credit card (automatic),No,74.1,DSL
2672-TGEFF,Month-to-month,Electronic check,Yes,88.8,Fiber optic
9231-ZJYAM,Month-to-month,Electronic check,Yes,78.85,Fiber optic
4250-WAROZ,Month-to-month,Electronic check,Yes,93.25,Fiber optic
8184-WMOFI,One year,Credit card (automatic),No,71.4,DSL
6982-SSHFK,Month-to-month,Mailed check,No,44.4,DSL
6092-QZVPP,Month-to-month,Credit card (automatic),Yes,79.2,DSL
4625-LAMOB,Two year,Credit card (automatic),No,20.4,No
0727-BMPLR,One year,Electronic check,Yes,100.0,Fiber optic
0392-BZIUW,Two year,Credit card (automatic),Yes,105.0,Fiber optic
1038-ZAGBI,One year,Bank transfer (automatic),No,19.8,No
6549-NNDYT,Month-to-month,Bank transfer (automatic),Yes,30.85,DSL
3027-ZTDHO,Month-to-month,Electronic check,Yes,89.9,Fiber optic
0422-OHQHQ,One year,Mailed check,No,20.55,No
6916-HIJSE,Two year,Bank transfer (automatic),Yes,84.85,DSL
2316-ESMLS,One year,Credit card (automatic),No,33.15,DSL
9778-OGKQZ,Two year,Credit card (automatic),Yes,92.0,DSL
7408-OFWXJ,Two year,Credit card (automatic),No,89.8,DSL
6007-TCTST,Two year,Bank transfer (automatic),Yes,115.8,Fiber optic
2252-NKNSI,Two year,Mailed check,Yes,85.15,DSL
8713-IGZSO,Month-to-month,Mailed check,No,24.85,No
7905-TVXTA,Month-to-month,Electronic check,Yes,64.35,DSL
7695-PKLCZ,Two year,Credit card (automatic),No,20.5,No
2382-BCKQJ,One year,Electronic check,Yes,100.15,Fiber optic
8374-UULRV,Two year,Credit card (automatic),No,86.05,DSL
2207-NHRJK,Month-to-month,Electronic check,No,50.8,DSL
3224-DFQNQ,One year,Electronic check,No,89.0,Fiber optic
5275-PMFUT,Two year,Credit card (automatic),Yes,64.8,DSL
4795-UXVCJ,One year,Credit card (automatic),No,19.8,No
9777-IQHWP,Two year,Bank transfer (automatic),No,93.4,Fiber optic
0947-MUGVO,Month-to-month,Electronic check,Yes,73.65,Fiber optic
9944-HKVVB,Month-to-month,Electronic check,Yes,95.1,Fiber optic
4124-MMETB,Month-to-month,Credit card (automatic),Yes,94.65,Fiber optic
3671-SHRSP,Month-to-month,Mailed check,Yes,80.6,Fiber optic
0979-MOZQI,Two year,Bank transfer (automatic),Yes,39.0,DSL
2732-ISEZX,Month-to-month,Mailed check,Yes,20.5,No
3313-QKNKB,One year,Electronic check,No,85.55,Fiber optic
0323-XWWTN,Two year,Mailed check,Yes,26.4,No
1937-OTUKY,Two year,Bank transfer (automatic),Yes,98.2,Fiber optic
1573-LGXBA,One year,Credit card (automatic),Yes,97.55,Fiber optic
1764-VUUMT,Two year,Credit card (automatic),No,19.95,No
5073-WXOYN,Month-to-month,Electronic check,Yes,50.8,DSL
4713-ZBURT,Two year,Bank transfer (automatic),No,99.7,Fiber optic
3050-GBUSH,Month-to-month,Credit card (automatic),Yes,34.8,DSL
0207-MDKNV,Month-to-month,Electronic check,No,105.1,Fiber optic
7876-AEHIG,One year,Bank transfer (automatic),No,60.15,DSL
7945-HLKEA,One year,Electronic check,No,64.75,DSL
9342-VNIMQ,Month-to-month,Bank transfer (automatic),Yes,54.65,DSL
9851-KIELU,Month-to-month,Electronic check,Yes,110.1,Fiber optic
3523-BRGUW,One year,Credit card (automatic),No,19.3,No
3908-BLSYF,Month-to-month,Electronic check,No,83.9,Fiber optic
3199-NPKCN,One year,Electronic check,Yes,111.25,Fiber optic
5170-PTRKA,One year,Credit card (automatic),Yes,35.8,DSL
4661-NJEUX,Month-to-month,Mailed check,Yes,20.05,No
2123-AGEEN,Month-to-month,Electronic check,Yes,84.35,Fiber optic
1258-YMZNM,One year,Bank transfer (automatic),Yes,110.5,Fiber optic
0048-LUMLS,One year,Credit card (automatic),No,91.2,Fiber optic
7549-MYGPK,Month-to-month,Electronic check,Yes,100.55,Fiber optic
5898-IGSLP,Month-to-month,Electronic check,No,89.3,Fiber optic
3804-RVTGV,Month-to-month,Bank transfer (automatic),Yes,103.85,Fiber optic
6259-WJQLC,Month-to-month,Credit card (automatic),Yes,81.1,Fiber optic
9227-LUNBG,Month-to-month,Electronic check,No,24.6,DSL
7997-EASSD,One year,Credit card (automatic),Yes,81.2,Fiber optic
0730-KOAVE,Month-to-month,Credit card (automatic),Yes,94.3,Fiber optic
8975-SKGRX,Two year,Bank transfer (automatic),Yes,116.1,Fiber optic
0678-RLHVP,Two year,Electronic check,No,105.55,Fiber optic
4315-MURBD,Month-to-month,Bank transfer (automatic),Yes,98.9,Fiber optic
2267-FPIMA,Month-to-month,Credit card (automatic),Yes,94.4,Fiber optic
1051-GEJLJ,Month-to-month,Mailed check,No,19.5,No
9734-YWGEX,Month-to-month,Credit card (automatic),No,98.3,Fiber optic
2719-BDAQO,Month-to-month,Electronic check,No,93.85,Fiber optic
5285-MVEHD,One year,Credit card (automatic),Yes,105.6,Fiber optic
0379-DJQHR,Two year,Credit card (automatic),No,81.35,DSL
0781-LKXBR,Month-to-month,Electronic check,Yes,100.5,Fiber optic
5543-QDCRY,Month-to-month,Electronic check,Yes,56.4,DSL
0297-RBCSG,One year,Bank transfer (automatic),Yes,65.35,DSL
4694-PHWFW,Month-to-month,Mailed check,No,19.95,No
0835-JKADZ,Two year,Electronic check,Yes,111.25,Fiber optic
1907-UBQFC,Month-to-month,Electronic check,Yes,72.85,Fiber optic
7508-SMHXL,Month-to-month,Credit card (automatic),No,89.0,Fiber optic
3865-YIOTT,One year,Bank transfer (automatic),Yes,106.1,Fiber optic
5993-BQHEA,One year,Credit card (automatic),No,20.05,No
6024-RUGGH,Two year,Bank transfer (automatic),Yes,25.2,No
6513-EECDB,Month-to-month,Electronic check,Yes,73.55,Fiber optic
3956-CJUST,Month-to-month,Bank transfer (automatic),Yes,75.4,Fiber optic
4079-WWQQQ,Two year,Bank transfer (automatic),Yes,65.55,DSL
6103-BOCOU,Month-to-month,Electronic check,Yes,80.7,Fiber optic
5149-TGWDZ,One year,Mailed check,Yes,104.55,Fiber optic
7471-WNSUF,One year,Bank transfer (automatic),No,24.15,No
8942-DBMHZ,Month-to-month,Mailed check,No,20.45,No
4301-VVZKA,Month-to-month,Electronic check,Yes,75.4,Fiber optic
9199-PWQVC,One year,Credit card (automatic),Yes,79.7,DSL
4824-GUCBY,Month-to-month,Electronic check,No,81.7,Fiber optic
5393-HJZSM,Month-to-month,Bank transfer (automatic),No,76.3,DSL
7074-IEVOJ,Month-to-month,Electronic check,Yes,79.4,Fiber optic
9625-QSTYE,Month-to-month,Electronic check,Yes,81.15,Fiber optic
0862-PRCBS,Two year,Credit card (automatic),Yes,103.75,Fiber optic
8812-ZRHFP,One year,Electronic check,No,86.45,Fiber optic
5146-CBVOE,Month-to-month,Bank transfer (automatic),No,75.1,Fiber optic
0454-OKRCT,Two year,Bank transfer (automatic),No,80.6,Fiber optic
5787-KXGIY,Two year,Credit card (automatic),No,19.3,No
4750-ZRXIU,Month-to-month,Electronic check,Yes,84.6,Fiber optic
4198-VFOEA,One year,Mailed check,Yes,33.6,DSL
6630-UJZMY,Month-to-month,Electronic check,Yes,83.25,Fiber optic
5709-LVOEQ,Two year,Mailed check,No,80.85,DSL
6400-BWQKW,Month-to-month,Electronic check,Yes,79.05,Fiber optic
2692-AQCPF,One year,Credit card (automatic),Yes,108.05,Fiber optic
0347-UBKUZ,Month-to-month,Mailed check,No,19.9,No
0835-DUUIQ,One year,Bank transfer (automatic),No,21.05,No
0811-GSDTP,Month-to-month,Electronic check,No,30.15,DSL
7567-ECMCM,Month-to-month,Credit card (automatic),Yes,79.85,Fiber optic
6115-ZTBFQ,Two year,Bank transfer (automatic),No,65.5,DSL
6353-BRMMA,Month-to-month,Bank transfer (automatic),Yes,104.1,Fiber optic
6680-WKXRZ,Month-to-month,Bank transfer (automatic),No,74.4,Fiber optic
6231-WFGFH,Month-to-month,Mailed check,Yes,20.5,No
9904-EHEVJ,Month-to-month,Mailed check,Yes,91.35,Fiber optic
7028-DVOIQ,Month-to-month,Electronic check,Yes,99.05,Fiber optic
6169-PPETC,Two year,Bank transfer (automatic),No,20.5,No
4208-UFFGW,Month-to-month,Mailed check,No,44.95,DSL
8584-KMVXD,Month-to-month,Electronic check,No,75.6,Fiber optic
8467-WYNSR,Month-to-month,Mailed check,No,55.1,DSL
0851-DFJKB,Month-to-month,Electronic check,No,58.95,DSL
5382-SOYZL,Month-to-month,Electronic check,Yes,95.1,Fiber optic
9448-REEVD,Month-to-month,Credit card (automatic),No,44.7,DSL
3261-CQXOL,Two year,Bank transfer (automatic),No,25.45,No
8388-FYNPZ,Month-to-month,Electronic check,No,56.75,DSL
4002-BQWPQ,Month-to-month,Bank transfer (automatic),No,81.75,DSL
5651-YLPRD,Month-to-month,Electronic check,Yes,86.1,Fiber optic
2826-DXLQO,Month-to-month,Bank transfer (automatic),No,29.8,DSL
4378-BZYFP,One year,Mailed check,Yes,20.5,No
9489-UTFKA,Month-to-month,Bank transfer (automatic),No,60.9,DSL
4849-PYRLQ,Two year,Bank transfer (automatic),No,73.25,DSL
9117-SHLZX,Month-to-month,Mailed check,Yes,45.7,DSL
9889-TMAHG,Month-to-month,Credit card (automatic),No,100.3,Fiber optic
4541-RMRLG,Month-to-month,Electronic check,No,19.25,No
7764-BDPEE,Month-to-month,Mailed check,No,20.85,No
3429-IFLEM,Two year,Credit card (automatic),No,77.35,DSL
3158-MOERK,Month-to-month,Electronic check,Yes,96.0,Fiber optic
7294-TMAOP,Month-to-month,Electronic check,No,90.55,Fiber optic
5002-GCQFH,Month-to-month,Bank transfer (automatic),Yes,93.85,Fiber optic
0556-FJEGU,Two year,Bank transfer (automatic),No,70.1,DSL
8919-FYFQZ,Month-to-month,Electronic check,Yes,30.35,DSL
0604-THJFP,Two year,Credit card (automatic),Yes,75.95,DSL
2834-JRTUA,Two year,Electronic check,Yes,108.05,Fiber optic
5875-YPQFJ,Month-to-month,Electronic check,Yes,69.9,Fiber optic
5879-SESNB,Month-to-month,Electronic check,No,75.25,Fiber optic
6646-QVXLR,One year,Electronic check,Yes,103.75,Fiber optic
6461-PPAXN,One year,Bank transfer (automatic),Yes,54.95,DSL
3318-ISQFQ,Month-to-month,Bank transfer (automatic),Yes,19.5,No
1106-HRLKZ,Two year,Mailed check,No,19.6,No
2483-XSSMZ,One year,Electronic check,Yes,47.85,DSL
8603-IJWDN,Month-to-month,Electronic check,Yes,86.6,Fiber optic
8165-ZJRNM,Two year,Bank transfer (automatic),No,23.75,No
9369-XFEHK,Month-to-month,Bank transfer (automatic),Yes,80.6,Fiber optic
2604-XVDAM,Month-to-month,Bank transfer (automatic),No,43.8,DSL
3717-OFRTN,Month-to-month,Bank transfer (automatic),No,19.75,No
9046-JBFWA,Month-to-month,Mailed check,No,19.15,No
3280-NMUVX,One year,Credit card (automatic),No,19.6,No
1206-EHBDD,Two year,Bank transfer (automatic),No,80.3,Fiber optic
8361-LBRDI,Two year,Credit card (automatic),No,24.35,No
4883-KCPZJ,Two year,Credit card (automatic),No,25.25,No
9108-EQPNQ,Two year,Credit card (automatic),No,26.1,No
7277-KAMWT,Two year,Credit card (automatic),No,20.0,No
3842-IYKUE,Month-to-month,Credit card (automatic),No,85.3,Fiber optic
6641-XRPSU,Month-to-month,Credit card (automatic),Yes,70.0,Fiber optic
1374-DMZUI,Month-to-month,Electronic check,Yes,94.3,Fiber optic
2545-LXYVJ,Two year,Bank transfer (automatic),No,20.7,No
3234-VKACU,Month-to-month,Electronic check,No,70.3,DSL
8357-EQXFO,Month-to-month,Electronic check,Yes,95.35,Fiber optic
1989-PRJHP,Month-to-month,Electronic check,Yes,75.5,Fiber optic
8120-JDCAM,Month-to-month,Mailed check,Yes,69.55,Fiber optic
8917-FAEMR,Two year,Mailed check,No,19.85,No
7047-YXDMZ,Month-to-month,Mailed check,No,20.0,No
2858-EIMXH,One year,Credit card (automatic),Yes,95.85,Fiber optic
9524-EGPJC,Month-to-month,Electronic check,Yes,90.1,Fiber optic
6993-OHLXR,Month-to-month,Electronic check,No,68.95,Fiber optic
8818-XYFCQ,Month-to-month,Credit card (automatic),Yes,99.55,Fiber optic
6419-ZTTLE,One year,Electronic check,Yes,20.75,No
0929-HYQEW,Month-to-month,Mailed check,Yes,50.15,DSL
6614-YOLAC,Two year,Mailed check,No,58.65,DSL
7426-RHZGU,Month-to-month,Bank transfer (automatic),Yes,95.9,Fiber optic
4065-JJAVA,Month-to-month,Electronic check,No,49.5,DSL
4695-VADHF,Month-to-month,Electronic check,No,57.45,DSL
3863-IUBJR,One year,Credit card (automatic),No,53.65,DSL
7649-SIJJF,Two year,Mailed check,Yes,80.1,DSL
9361-YNQWJ,One year,Bank transfer (automatic),Yes,24.4,No
3748-FVMZZ,Month-to-month,Electronic check,Yes,40.05,DSL
9391-TTOYH,Month-to-month,Mailed check,Yes,19.5,No
1452-XRSJV,Month-to-month,Credit card (automatic),No,51.05,DSL
3422-WJOYD,One year,Mailed check,No,54.35,DSL
8242-SOQUO,Month-to-month,Electronic check,Yes,84.7,Fiber optic
7460-ITWWP,Month-to-month,Electronic check,Yes,86.1,Fiber optic
7147-AYBAA,Month-to-month,Mailed check,Yes,70.35,Fiber optic
7868-TMWMZ,Two year,Bank transfer (automatic),Yes,110.0,Fiber optic
4822-RVYBB,Month-to-month,Electronic check,Yes,100.6,Fiber optic
6732-FZUGP,One year,Credit card (automatic),No,94.9,Fiber optic
8436-BJUMM,Month-to-month,Electronic check,Yes,83.75,Fiber optic
4184-TJFAN,Month-to-month,Mailed check,Yes,88.3,Fiber optic
8329-GWVPJ,Month-to-month,Bank transfer (automatic),Yes,69.75,Fiber optic
1352-VHKAJ,Month-to-month,Bank transfer (automatic),No,71.6,DSL
4145-UQXUQ,Month-to-month,Electronic check,Yes,92.1,Fiber optic
2632-TACXW,Two year,Bank transfer (automatic),No,23.65,No
8146-QQKZH,Two year,Bank transfer (automatic),No,81.85,DSL
1767-CJKBA,Two year,Mailed check,No,25.1,No
6445-TNRXS,Two year,Bank transfer (automatic),Yes,114.7,Fiber optic
4581-LNWUM,Month-to-month,Electronic check,No,49.15,DSL
4869-EPIUS,One year,Electronic check,Yes,80.9,Fiber optic
9948-YPTDG,Month-to-month,Electronic check,Yes,79.45,Fiber optic
1236-WFCDV,Month-to-month,Credit card (automatic),No,90.45,Fiber optic
1915-OAKWD,One year,Bank transfer (automatic),Yes,19.3,No
7296-PIXQY,Month-to-month,Electronic check,No,70.2,Fiber optic
4883-QICIH,Month-to-month,Bank transfer (automatic),Yes,69.75,Fiber optic
3354-OADJP,One year,Bank transfer (automatic),No,54.25,DSL
3524-WQDSG,Month-to-month,Bank transfer (automatic),Yes,99.3,Fiber optic
0810-DHDBD,One year,Credit card (automatic),No,74.0,DSL
4026-SKKHW,Month-to-month,Mailed check,Yes,50.25,DSL
2829-HYVZP,One year,Mailed check,Yes,19.8,No
8329-IBCTI,Month-to-month,Mailed check,No,19.65,No
1271-SJBGZ,Month-to-month,Electronic check,Yes,43.65,DSL
3845-JHAMY,Month-to-month,Credit card (automatic),Yes,35.5,DSL
7013-PSXHK,One year,Mailed check,Yes,80.75,DSL
5669-SRAIP,Month-to-month,Electronic check,No,39.5,DSL
5981-ITEMU,Month-to-month,Bank transfer (automatic),Yes,97.1,Fiber optic
3486-NPGST,One year,Mailed check,No,19.55,No
6941-PMGEP,Month-to-month,Electronic check,Yes,80.0,Fiber optic
1624-WOIWJ,Month-to-month,Mailed check,Yes,84.7,Fiber optic
2074-GKOWZ,Month-to-month,Bank transfer (automatic),Yes,89.55,Fiber optic
0376-YMCJC,Month-to-month,Electronic check,Yes,90.6,Fiber optic
6100-FJZDG,One year,Bank transfer (automatic),Yes,20.05,No
4829-ZLJTK,Two year,Electronic check,Yes,112.4,Fiber optic
1730-VFMWO,Month-to-month,Bank transfer (automatic),No,50.2,DSL
7143-BQIBA,Month-to-month,Bank transfer (automatic),No,62.25,DSL
3800-LYTRK,One year,Mailed check,No,55.7,DSL
0634-SZPQA,Month-to-month,Bank transfer (automatic),Yes,90.05,Fiber optic
9646-NMHXE,Two year,Mailed check,No,19.65,No
7030-NJVDP,Month-to-month,Electronic check,Yes,89.25,Fiber optic
5536-RTPWK,Month-to-month,Bank transfer (automatic),Yes,99.05,Fiber optic
8883-GRDWQ,One year,Mailed check,No,54.0,DSL
6166-ILMNY,Month-to-month,Bank transfer (automatic),No,69.75,Fiber optic
3097-NNSPB,Month-to-month,Credit card (automatic),Yes,49.05,DSL
7771-ZONAT,Two year,Bank transfer (automatic),No,56.75,DSL
0655-RBDUG,Month-to-month,Bank transfer (automatic),Yes,98.05,Fiber optic
2111-DWYHN,Month-to-month,Mailed check,No,21.1,No
4194-WHFCB,Month-to-month,Bank transfer (automatic),Yes,96.65,Fiber optic
4121-AGSIN,One year,Credit card (automatic),Yes,24.5,No
4361-BKAXE,Month-to-month,Bank transfer (automatic),Yes,114.5,Fiber optic
9845-PEEKO,Two year,Credit card (automatic),Yes,79.2,Fiber optic
0455-XFASS,Month-to-month,Electronic check,Yes,69.55,Fiber optic
0301-KOBTQ,Two year,Bank transfer (automatic),Yes,20.05,No
1751-NCDLI,Month-to-month,Electronic check,Yes,98.85,Fiber optic
4367-NUYAO,Two year,Mailed check,No,25.75,No
9878-TNQGW,Month-to-month,Electronic check,Yes,80.95,Fiber optic
9170-ARBTB,One year,Credit card (automatic),No,19.6,No
4441-NIHPT,Month-to-month,Electronic check,Yes,74.3,Fiber optic
8999-BOHSE,Month-to-month,Bank transfer (automatic),No,89.7,Fiber optic
7241-AJHFS,Month-to-month,Bank transfer (automatic),No,87.65,Fiber optic
7029-RPUAV,Month-to-month,Credit card (automatic),Yes,100.45,Fiber optic
4546-FOKWR,Month-to-month,Credit card (automatic),Yes,74.75,Fiber optic
9036-CSKBW,One year,Bank transfer (automatic),No,107.45,Fiber optic
5832-TRLPB,One year,Bank transfer (automatic),Yes,75.35,DSL
8590-YFFQO,Two year,Credit card (automatic),No,64.95,DSL
8659-IOOPU,Two year,Electronic check,No,100.45,Fiber optic
1338-CECEE,One year,Bank transfer (automatic),No,68.5,DSL
7439-DKZTW,Month-to-month,Electronic check,Yes,80.55,Fiber optic
4646-QZXTF,Month-to-month,Bank transfer (automatic),No,81.25,DSL
4607-CHPCA,One year,Electronic check,Yes,90.4,Fiber optic
9742-XOKTS,One year,Electronic check,No,89.55,Fiber optic
6921-OZMFH,Month-to-month,Mailed check,Yes,55.7,DSL
9578-FOMUK,Month-to-month,Electronic check,Yes,24.8,No
4712-UYOOI,Month-to-month,Electronic check,No,20.0,No
8824-RWFXJ,Month-to-month,Mailed check,Yes,56.15,DSL
7722-CVFXN,One year,Electronic check,Yes,105.2,Fiber optic
8717-VCTXJ,One year,Mailed check,Yes,19.55,No
7363-QTBIW,Month-to-month,Electronic check,Yes,79.75,Fiber optic
4159-NAAIX,Two year,Bank transfer (automatic),No,97.45,Fiber optic
0971-QIFJK,Two year,Bank transfer (automatic),No,24.25,No
9397-TZSHA,Two year,Credit card (automatic),No,24.6,No
3391-JSQEW,Month-to-month,Mailed check,Yes,50.15,DSL
0343-QLUZP,Two year,Bank transfer (automatic),No,39.6,DSL
9763-PDTKK,Month-to-month,Bank transfer (automatic),Yes,94.4,Fiber optic
2176-LVPNX,Two year,Mailed check,No,89.85,DSL
7627-JKIAZ,Month-to-month,Credit card (automatic),Yes,78.95,Fiber optic
3312-UUMZW,Month-to-month,Credit card (automatic),Yes,98.85,Fiber optic
1271-UODNO,Two year,Credit card (automatic),Yes,53.85,DSL
8461-EFQYM,One year,Electronic check,Yes,24.25,No
6900-RBKER,Two year,Credit card (automatic),Yes,89.45,Fiber optic
6891-JPYFF,Month-to-month,Credit card (automatic),Yes,105.25,Fiber optic
1459-QNFQT,Two year,Bank transfer (automatic),No,59.5,DSL
1047-NNCBF,Month-to-month,Credit card (automatic),No,70.55,Fiber optic
3696-XRIEN,One year,Credit card (automatic),Yes,82.5,DSL
4081-DYXAV,One year,Credit card (automatic),Yes,44.85,DSL
0074-HDKDG,One year,Bank transfer (automatic),Yes,61.6,DSL
8791-GFXLZ,Month-to-month,Bank transfer (automatic),Yes,49.05,DSL
8111-SLLHI,Month-to-month,Electronic check,Yes,105.65,Fiber optic
0927-LCSMG,Month-to-month,Mailed check,No,74.65,Fiber optic
9330-DHBFL,One year,Mailed check,Yes,66.25,DSL
0098-BOWSO,Month-to-month,Electronic check,Yes,19.4,No
3452-ABWRL,Month-to-month,Credit card (automatic),Yes,86.05,Fiber optic
5859-HZYLF,Two year,Credit card (automatic),Yes,19.15,No
8257-RZAHR,Month-to-month,Bank transfer (automatic),Yes,64.7,DSL
5293-WXJAK,Month-to-month,Bank transfer (automatic),Yes,104.05,Fiber optic
3156-QLHBO,Month-to-month,Mailed check,No,19.25,No
2208-NQBCT,Month-to-month,Electronic check,No,81.95,Fiber optic
1779-PWPMG,Two year,Bank transfer (automatic),Yes,114.65,Fiber optic
6621-NRZAK,Two year,Credit card (automatic),No,20.0,No
0831-JNISG,Two year,Mailed check,No,19.8,No
0774-IFUVM,Month-to-month,Bank transfer (automatic),Yes,65.15,DSL
3082-WQRVY,One year,Mailed check,No,19.65,No
9553-DLCLU,Two year,Credit card (automatic),No,88.95,DSL
1641-BYBTK,Month-to-month,Mailed check,Yes,20.2,No
2460-NGXBJ,Month-to-month,Credit card (automatic),Yes,75.2,Fiber optic
2446-ZKVAF,Month-to-month,Credit card (automatic),No,56.8,DSL
0841-NULXI,Month-to-month,Electronic check,Yes,35.55,DSL
3522-CDKHF,Month-to-month,Bank transfer (automatic),Yes,75.5,Fiber optic
1430-SFQSA,One year,Mailed check,No,35.6,DSL
0411-EZJZE,Month-to-month,Electronic check,Yes,60.25,DSL
7851-WZEKY,Month-to-month,Electronic check,Yes,95.15,Fiber optic
8844-TONUD,Month-to-month,Mailed check,Yes,96.65,Fiber optic
8807-ARQET,Month-to-month,Electronic check,Yes,40.35,DSL
8992-CEUEN,Month-to-month,Electronic check,No,18.85,No
4320-QMLLA,Month-to-month,Mailed check,No,54.85,DSL
8777-PVYGU,One year,Mailed check,Yes,64.3,DSL
8292-ITGYJ,Two year,Bank transfer (automatic),Yes,24.65,No
6870-ZWMNX,Two year,Credit card (automatic),No,76.1,DSL
0621-CXBKL,Two year,Mailed check,No,18.7,No
5268-DSMNQ,One year,Credit card (automatic),Yes,97.95,Fiber optic
5334-JLAXU,Month-to-month,Credit card (automatic),Yes,94.1,Fiber optic
4086-YQSNZ,Month-to-month,Electronic check,Yes,80.4,Fiber optic
6242-MBHPK,Month-to-month,Electronic check,Yes,95.1,Fiber optic
5868-CZJDR,Month-to-month,Mailed check,Yes,31.35,DSL
9359-UGBTK,One year,Bank transfer (automatic),Yes,72.35,DSL
0135-NMXAP,Month-to-month,Bank transfer (automatic),Yes,89.75,Fiber optic
4782-OSFXZ,Two year,Bank transfer (automatic),Yes,82.7,DSL
6479-OAUSD,One year,Credit card (automatic),No,19.9,No
7129-ACFOG,Month-to-month,Electronic check,Yes,53.8,DSL
4189-NAKJS,One year,Credit card (automatic),Yes,51.55,DSL
5562-BETPV,One year,Mailed check,No,19.65,No
1282-IHQAC,One year,Credit card (automatic),Yes,44.05,DSL
9127-FHJBZ,Two year,Electronic check,Yes,114.0,Fiber optic
6270-OMFIW,One year,Electronic check,Yes,94.4,Fiber optic
1641-RQDAY,Month-to-month,Electronic check,Yes,100.4,Fiber optic
0107-WESLM,Month-to-month,Electronic check,Yes,19.85,No
6994-ORCWG,One year,Mailed check,Yes,54.25,DSL
1346-UFHAX,Month-to-month,Credit card (automatic),Yes,80.0,Fiber optic
3992-YWPKO,Month-to-month,Credit card (automatic),Yes,109.9,Fiber optic
2933-XEUJM,Two year,Mailed check,No,79.2,DSL
0125-LZQXK,Month-to-month,Electronic check,Yes,101.35,Fiber optic
5461-QKNTN,Month-to-month,Electronic check,Yes,94.3,Fiber optic
4835-YSJMR,Two year,Bank transfer (automatic),Yes,49.8,DSL
8399-YNDCH,Month-to-month,Bank transfer (automatic),Yes,60.05,DSL
3164-YAXFY,Month-to-month,Electronic check,Yes,53.75,DSL
0887-WBJVH,One year,Electronic check,Yes,93.45,Fiber optic
4660-IRIBM,Month-to-month,Mailed check,Yes,87.9,Fiber optic
5673-FSSMF,Month-to-month,Electronic check,Yes,60.15,DSL
7670-ZBPOQ,One year,Bank transfer (automatic),Yes,61.05,DSL
8089-UZWLX,Two year,Bank transfer (automatic),No,104.05,Fiber optic
0080-OROZO,One year,Electronic check,Yes,99.25,Fiber optic
3916-NRPAP,Month-to-month,Credit card (automatic),No,85.7,Fiber optic
6807-SIWJI,One year,Electronic check,Yes,104.85,Fiber optic
8221-HVAYI,Two year,Credit card (automatic),Yes,69.15,DSL
1579-KLYDT,Month-to-month,Electronic check,Yes,90.45,Fiber optic
5232-NXPAY,Two year,Mailed check,No,74.45,DSL
8967-SZQAS,Month-to-month,Electronic check,No,50.45,DSL
4468-KAZHE,Month-to-month,Electronic check,Yes,60.0,DSL
0455-ENTCR,Two year,Electronic check,No,85.25,DSL
8944-AILEF,Month-to-month,Credit card (automatic),Yes,19.45,No
5542-NKVRU,Two year,Bank transfer (automatic),Yes,20.75,No
7126-RBHSD,Month-to-month,Electronic check,No,78.9,Fiber optic
5370-IIVVL,One year,Credit card (automatic),Yes,104.5,Fiber optic
6789-HJBWG,Month-to-month,Electronic check,Yes,49.4,DSL
3927-NLNRY,One year,Bank transfer (automatic),Yes,94.25,Fiber optic
9087-EYCPR,Two year,Mailed check,No,25.0,No
6791-YBNAK,Month-to-month,Credit card (automatic),No,25.55,DSL
6358-LYNGM,Month-to-month,Electronic check,Yes,74.9,Fiber optic
6077-BDPXA,Month-to-month,Electronic check,Yes,70.15,Fiber optic
0013-MHZWF,Month-to-month,Credit card (automatic),Yes,69.4,DSL
5494-HECPR,Month-to-month,Electronic check,Yes,80.25,Fiber optic
8268-YDIXR,One year,Electronic check,Yes,93.15,Fiber optic
9824-BEMCV,Month-to-month,Electronic check,Yes,69.0,Fiber optic
1373-ORVIZ,Month-to-month,Electronic check,Yes,66.35,DSL
4291-SHSBH,Month-to-month,Electronic check,Yes,69.55,Fiber optic
6980-IMXXE,Two year,Bank transfer (automatic),No,20.2,No
9866-QEVEE,Month-to-month,Bank transfer (automatic),Yes,86.0,Fiber optic
9897-KXHCM,Month-to-month,Electronic check,Yes,80.3,Fiber optic
0040-HALCW,Two year,Credit card (automatic),No,20.4,No
0784-GTUUK,One year,Credit card (automatic),Yes,23.75,No
7979-CORPM,Month-to-month,Credit card (automatic),Yes,90.55,Fiber optic
2294-DMMUS,Month-to-month,Credit card (automatic),Yes,70.45,DSL
0872-JCPIB,Month-to-month,Bank transfer (automatic),No,65.75,DSL
3055-MJDSB,Month-to-month,Mailed check,Yes,24.6,DSL
9091-WTUUY,Two year,Mailed check,No,69.25,DSL
1618-CFHME,Month-to-month,Electronic check,Yes,75.9,Fiber optic
3165-HDOEW,Month-to-month,Mailed check,Yes,45.85,DSL
6581-NQCBA,Month-to-month,Electronic check,Yes,49.95,DSL
7115-IRDHS,Two year,Bank transfer (automatic),No,24.65,No
8496-DMZUK,One year,Bank transfer (automatic),No,90.4,Fiber optic
2040-VZIKE,Month-to-month,Mailed check,Yes,100.85,Fiber optic
9068-VPWQQ,Two year,Credit card (automatic),No,75.35,DSL
0178-SZBHO,Month-to-month,Electronic check,No,87.2,Fiber optic
0384-RVBPI,Month-to-month,Credit card (automatic),No,64.4,DSL
1689-MRZQR,Month-to-month,Electronic check,No,78.3,Fiber optic
1299-AURJA,Two year,Bank transfer (automatic),No,24.7,No
4525-VZCZG,One year,Electronic check,Yes,105.85,Fiber optic
1543-LLLFT,One year,Mailed check,Yes,98.3,Fiber optic
5835-BEQEU,Month-to-month,Electronic check,Yes,76.95,Fiber optic
2788-CJQAQ,One year,Mailed check,No,19.45,No
5565-FILXA,Month-to-month,Electronic check,Yes,96.15,Fiber optic
0319-QZTCO,Month-to-month,Credit card (automatic),Yes,58.7,DSL
2120-SMPEX,Month-to-month,Mailed check,Yes,20.15,No
0096-FCPUF,Month-to-month,Mailed check,Yes,64.5,DSL
0668-OGMHD,Month-to-month,Electronic check,No,28.5,DSL
5552-ZNFSJ,Month-to-month,Electronic check,No,45.3,DSL
2223-KAGMX,Month-to-month,Bank transfer (automatic),No,19.4,No
6507-ZJSUR,Month-to-month,Electronic check,Yes,90.45,Fiber optic
9408-HRXRK,Month-to-month,Electronic check,Yes,105.15,Fiber optic
5593-SUAOO,One year,Bank transfer (automatic),No,83.15,Fiber optic
7321-PKUYW,Month-to-month,Electronic check,No,90.15,Fiber optic
2833-SLKDQ,Month-to-month,Mailed check,No,45.05,DSL
6766-HFKLA,Two year,Bank transfer (automatic),No,103.2,Fiber optic
7595-EUIVN,Month-to-month,Electronic check,No,75.8,Fiber optic
7617-EYGLW,Month-to-month,Electronic check,No,19.45,No
2026-TGDHM,Month-to-month,Electronic check,Yes,79.3,Fiber optic
9220-ZNKJI,Two year,Credit card (automatic),No,88.8,Fiber optic
4030-VPZBD,Month-to-month,Electronic check,Yes,30.9,DSL
2226-ICFDO,Two year,Credit card (automatic),Yes,85.9,DSL
0723-VSOBE,One year,Electronic check,No,34.2,DSL
5529-GIBVH,Two year,Mailed check,No,20.15,No
4187-CINZD,One year,Credit card (automatic),No,95.25,Fiber optic
9992-UJOEL,Month-to-month,Mailed check,Yes,50.3,DSL
4741-WWJQZ,Month-to-month,Electronic check,Yes,80.15,Fiber optic
6625-UTXEW,Month-to-month,Electronic check,Yes,51.25,DSL
6818-WOBHJ,Month-to-month,Bank transfer (automatic),Yes,89.6,Fiber optic
6244-BESBM,Two year,Credit card (automatic),Yes,95.2,Fiber optic
1004-NOZNR,One year,Credit card (automatic),No,94.8,Fiber optic
1251-STYSZ,Month-to-month,Electronic check,Yes,80.25,Fiber optic
2612-PHGOX,Two year,Bank transfer (automatic),Yes,76.1,DSL
2408-TZMJL,One year,Electronic check,Yes,110.15,Fiber optic
8480-PPONV,Two year,Bank transfer (automatic),No,115.55,Fiber optic
8780-IHCRN,Two year,Credit card (automatic),No,24.65,No
4598-ZADCK,One year,Electronic check,Yes,53.6,DSL
1257-SXUXQ,Month-to-month,Mailed check,No,19.45,No
9681-KYGYB,Month-to-month,Electronic check,Yes,88.2,Fiber optic
7182-OVLBJ,Two year,Bank transfer (automatic),Yes,101.15,Fiber optic
5095-ETBRJ,Two year,Mailed check,No,56.8,DSL
7005-CYUIL,Two year,Electronic check,Yes,99.4,Fiber optic
4821-WQOYN,Two year,Credit card (automatic),Yes,20.1,No
4730-AWNAU,One year,Credit card (automatic),No,60.7,DSL
3452-FLHYD,One year,Bank transfer (automatic),Yes,20.95,No
2388-LAESQ,Two year,Bank transfer (automatic),Yes,114.85,Fiber optic
9531-NSBMR,One year,Bank transfer (automatic),Yes,19.25,No
6260-ONULR,Month-to-month,Mailed check,Yes,62.8,DSL
4389-UEFCZ,Two year,Electronic check,Yes,105.5,Fiber optic
8711-LOBKY,Two year,Mailed check,No,19.85,No
9134-CEQMF,Month-to-month,Electronic check,Yes,89.5,Fiber optic
8985-OOPOS,One year,Credit card (automatic),No,74.1,DSL
8800-ZKRFW,Month-to-month,Electronic check,Yes,107.5,Fiber optic
2616-FLVQC,Two year,Mailed check,No,19.55,No
9968-FFVVH,One year,Bank transfer (automatic),No,68.8,DSL
3108-PCCGG,Two year,Credit card (automatic),No,84.45,DSL
7993-PYKOF,Month-to-month,Electronic check,No,75.0,Fiber optic
8390-FESFV,Two year,Bank transfer (automatic),No,84.5,DSL
3022-BEXHZ,Two year,Bank transfer (automatic),Yes,111.2,Fiber optic
5027-XWQHA,Month-to-month,Electronic check,No,44.75,DSL
6248-TKCQV,Two year,Bank transfer (automatic),Yes,80.6,DSL
6729-GDNGC,Month-to-month,Bank transfer (automatic),No,80.7,Fiber optic
6198-ZFIOJ,Month-to-month,Electronic check,No,75.6,Fiber optic
5989-OMNJE,One year,Electronic check,No,57.6,DSL
4566-QVRRW,Month-to-month,Electronic check,Yes,44.05,DSL
1291-CUOCY,Two year,Credit card (automatic),Yes,110.6,Fiber optic
9795-SHUHB,Two year,Credit card (automatic),Yes,58.2,DSL
3230-IUALN,Two year,Mailed check,Yes,81.0,DSL
0042-RLHYP,Two year,Bank transfer (automatic),No,19.7,No
8519-IMDHU,Month-to-month,Bank transfer (automatic),Yes,85.6,Fiber optic
4945-RVMTE,Month-to-month,Bank transfer (automatic),Yes,59.55,DSL
0201-OAMXR,One year,Credit card (automatic),No,115.55,Fiber optic
1866-NXPSP,One year,Mailed check,Yes,75.55,DSL
3372-KWFBM,Month-to-month,Electronic check,Yes,86.6,Fiber optic
7831-QGOXH,Month-to-month,Electronic check,Yes,85.2,Fiber optic
6393-WRYZE,Month-to-month,Electronic check,Yes,97.65,Fiber optic
3941-XTSKM,One year,Credit card (automatic),Yes,45.1,DSL
1661-CZBAU,One year,Bank transfer (automatic),Yes,70.95,DSL
6599-RCLCJ,Month-to-month,Electronic check,Yes,109.55,Fiber optic
9831-BPFRI,One year,Electronic check,Yes,89.55,Fiber optic
5158-RIVOP,Two year,Credit card (automatic),No,20.9,No
9788-YTFGE,Month-to-month,Mailed check,Yes,19.95,No
9277-JOOMO,Month-to-month,Mailed check,No,24.6,No
1907-YLNYW,Month-to-month,Electronic check,Yes,66.7,DSL
1725-MIMXW,Month-to-month,Mailed check,Yes,19.45,No
8947-YRTDV,One year,Mailed check,No,94.8,Fiber optic
3161-ONRWK,One year,Bank transfer (automatic),Yes,65.85,DSL
0114-RSRRW,Month-to-month,Bank transfer (automatic),Yes,19.95,No
4565-NLZBV,Two year,Bank transfer (automatic),Yes,24.65,No
0031-PVLZI,Month-to-month,Mailed check,No,20.35,No
7206-GZCDC,Month-to-month,Electronic check,Yes,69.25,Fiber optic
6682-VCIXC,One year,Bank transfer (automatic),Yes,51.25,DSL
4791-QRGMF,One year,Bank transfer (automatic),Yes,99.5,Fiber optic
6475-VHUIZ,Month-to-month,Electronic check,No,54.25,DSL
3910-MRQOY,Two year,Bank transfer (automatic),No,19.4,No
0661-WCQNQ,One year,Credit card (automatic),Yes,56.25,DSL
7537-RBWEA,Month-to-month,Mailed check,Yes,25.15,DSL
4656-CAURT,Two year,Bank transfer (automatic),No,23.95,No
0121-SNYRK,One year,Mailed check,Yes,35.4,DSL
1768-ZAIFU,Month-to-month,Electronic check,Yes,25.2,DSL
4671-LXRDQ,Month-to-month,Mailed check,Yes,45.0,DSL
3733-LSYCE,Month-to-month,Bank transfer (automatic),No,75.35,Fiber optic
6265-FRMTQ,Two year,Bank transfer (automatic),No,20.4,No
1934-SJVJK,Month-to-month,Mailed check,No,20.15,No
3838-OZURD,Month-to-month,Credit card (automatic),Yes,105.0,Fiber optic
1371-DWPAZ,Two year,Credit card (automatic),No,56.05,DSL
9269-CQOOL,Month-to-month,Credit card (automatic),Yes,54.7,DSL
2017-CCBLH,Two year,Mailed check,No,20.0,No
7690-KPNCU,One year,Credit card (automatic),Yes,73.05,DSL
0536-BGFMZ,Month-to-month,Mailed check,No,20.5,No
2293-IJWPS,One year,Credit card (automatic),Yes,100.75,Fiber optic
2845-HSJCY,Month-to-month,Electronic check,Yes,87.25,Fiber optic
5469-NUJUR,Two year,Mailed check,Yes,19.95,No
1184-PJVDB,Month-to-month,Electronic check,Yes,79.95,Fiber optic
2625-TRCZQ,Month-to-month,Electronic check,Yes,49.65,DSL
4102-HLENU,Two year,Mailed check,No,65.65,DSL
7266-GSSJX,Month-to-month,Electronic check,Yes,20.45,No
7722-VJRQD,Two year,Bank transfer (automatic),No,60.95,DSL
7073-QETQY,One year,Electronic check,Yes,20.35,No
9415-DPEWS,Month-to-month,Electronic check,Yes,88.35,Fiber optic
5624-RYAMH,Month-to-month,Electronic check,Yes,19.5,No
0196-JTUQI,Month-to-month,Credit card (automatic),Yes,75.2,Fiber optic
7130-YXBRO,Month-to-month,Bank transfer (automatic),Yes,111.45,Fiber optic
9272-LSVYH,Month-to-month,Mailed check,No,70.15,Fiber optic
7943-RQCHR,Month-to-month,Electronic check,Yes,94.75,Fiber optic
3793-MMFUH,Month-to-month,Electronic check,Yes,95.05,Fiber optic
3249-ZPQRG,Month-to-month,Electronic check,No,78.45,Fiber optic
2568-BRGYX,Month-to-month,Electronic check,Yes,70.2,Fiber optic
3084-DOWLE,Two year,Bank transfer (automatic),No,92.0,DSL
1084-MNSMJ,Two year,Credit card (automatic),No,85.5,DSL
7721-JXEAW,Month-to-month,Bank transfer (automatic),Yes,41.05,DSL
7249-WBIYX,Month-to-month,Electronic check,Yes,85.6,Fiber optic
4238-HFHSN,Month-to-month,Electronic check,Yes,82.15,Fiber optic
6250-CGGUN,One year,Electronic check,No,84.4,Fiber optic
5478-JJVZK,Month-to-month,Mailed check,Yes,60.9,DSL
7596-IIWYC,Two year,Bank transfer (automatic),Yes,20.25,No
6567-HOOPW,Month-to-month,Electronic check,Yes,79.2,Fiber optic
9793-WECQC,Month-to-month,Mailed check,No,95.3,Fiber optic
4291-HPAXL,Month-to-month,Mailed check,No,19.85,No
8999-YPYBV,Two year,Mailed check,Yes,84.35,DSL
1839-FBNFR,Two year,Bank transfer (automatic),Yes,19.85,No
3164-AALRN,One year,Mailed check,Yes,70.0,DSL
3071-MVJCD,Two year,Bank transfer (automatic),No,82.3,DSL
1697-BCSHV,Month-to-month,Bank transfer (automatic),Yes,66.8,DSL
0562-KBDVM,Two year,Bank transfer (automatic),Yes,44.6,DSL
1131-SUEKT,One year,Bank transfer (automatic),Yes,98.45,Fiber optic
3717-OEAUQ,Month-to-month,Mailed check,No,70.7,Fiber optic
4538-WNTMJ,One year,Mailed check,No,24.95,No
3334-CTHOL,Month-to-month,Bank transfer (automatic),Yes,49.95,DSL
4704-ERYFC,Month-to-month,Electronic check,Yes,69.25,Fiber optic
9432-RUVSL,Two year,Credit card (automatic),Yes,102.5,Fiber optic
8060-HIWJJ,Two year,Credit card (automatic),No,86.55,DSL
7684-XSZIY,Two year,Bank transfer (automatic),No,24.3,No
9089-UOWJG,Month-to-month,Credit card (automatic),Yes,58.35,DSL
8621-MNIHH,Month-to-month,Electronic check,Yes,94.25,Fiber optic
8039-ACLPL,Two year,Credit card (automatic),No,68.75,DSL
9885-AIBVB,Month-to-month,Electronic check,Yes,85.8,Fiber optic
1934-MKPXS,One year,Credit card (automatic),No,20.1,No
2592-YKDIF,Month-to-month,Mailed check,No,20.35,No
2272-JKMSI,One year,Electronic check,Yes,110.8,Fiber optic
0471-LVHGK,One year,Electronic check,Yes,73.0,DSL
9518-RWHZL,One year,Credit card (automatic),Yes,100.05,Fiber optic
8714-CTZJW,Month-to-month,Credit card (automatic),Yes,82.85,Fiber optic
3569-EDBPQ,Month-to-month,Electronic check,Yes,84.35,Fiber optic
3131-NWVFJ,One year,Mailed check,No,19.55,No
7521-YXVZY,Month-to-month,Mailed check,No,19.95,No
5419-CONWX,Month-to-month,Credit card (automatic),Yes,99.8,Fiber optic
6240-EURKS,Month-to-month,Electronic check,Yes,35.0,DSL
2373-NTKOD,Month-to-month,Electronic check,Yes,66.25,DSL
1970-KKFWL,Two year,Bank transfer (automatic),No,23.3,No
6960-HVYXR,Month-to-month,Electronic check,No,76.0,Fiber optic
9337-SRRNI,Two year,Credit card (automatic),Yes,25.3,No
0895-UADGO,Two year,Mailed check,Yes,44.55,DSL
5678-VFNEQ,One year,Credit card (automatic),Yes,104.1,Fiber optic
5977-CKHON,Month-to-month,Bank transfer (automatic),Yes,92.55,Fiber optic
7024-OHCCK,Month-to-month,Electronic check,Yes,93.85,Fiber optic
2692-BUCFV,Month-to-month,Bank transfer (automatic),Yes,101.45,Fiber optic
7861-UVUFT,Month-to-month,Electronic check,Yes,84.3,Fiber optic
1830-GGFNM,Two year,Credit card (automatic),No,94.55,Fiber optic
5302-BDJNT,Month-to-month,Electronic check,No,95.5,Fiber optic
5223-UZAVK,One year,Credit card (automatic),Yes,100.3,Fiber optic
4859-ZSRDZ,Two year,Credit card (automatic),Yes,55.5,DSL
5651-WYIPH,Month-to-month,Credit card (automatic),Yes,49.85,DSL
9350-VLHMB,Month-to-month,Bank transfer (automatic),Yes,89.55,Fiber optic
3498-LZGQZ,Two year,Mailed check,Yes,19.15,No
8785-CJSHH,Month-to-month,Electronic check,Yes,99.8,Fiber optic
5357-TZHPP,Month-to-month,Credit card (automatic),Yes,84.4,Fiber optic
3870-SPZSI,Two year,Credit card (automatic),Yes,113.05,Fiber optic
0680-DFNNY,Month-to-month,Electronic check,Yes,101.1,Fiber optic
7560-QRBXH,One year,Mailed check,No,19.95,No
7077-XJMET,Month-to-month,Electronic check,Yes,74.15,DSL
8752-GHJFU,One year,Electronic check,Yes,92.0,Fiber optic
6896-SRVYQ,Month-to-month,Electronic check,No,73.85,Fiber optic
7767-UXAGJ,Month-to-month,Electronic check,Yes,50.45,DSL
4652-ODEVH,Two year,Mailed check,No,24.45,No
6510-UPNKS,One year,Credit card (automatic),No,24.8,No
6718-BDGHG,One year,Bank transfer (automatic),Yes,64.85,DSL
9046-DQMTP,Month-to-month,Bank transfer (automatic),No,20.75,No
6439-LAJXL,Month-to-month,Mailed check,Yes,68.95,DSL
1571-SAVHK,Month-to-month,Mailed check,Yes,99.95,Fiber optic
9052-VKDUW,Month-to-month,Credit card (automatic),Yes,109.4,Fiber optic
9546-CQJSU,Month-to-month,Electronic check,Yes,91.4,Fiber optic
1666-JZPZT,Month-to-month,Mailed check,No,49.0,DSL
5777-KJIRB,One year,Mailed check,Yes,50.25,DSL
0506-LVNGN,Month-to-month,Credit card (automatic),Yes,75.55,Fiber optic
7677-SJJJK,One year,Credit card (automatic),No,19.9,No
2480-EJWYP,One year,Bank transfer (automatic),Yes,97.8,Fiber optic
3253-HKOKL,One year,Electronic check,No,100.3,Fiber optic
7055-HNEOJ,Month-to-month,Mailed check,Yes,55.8,DSL
5514-YQENT,Two year,Electronic check,Yes,111.15,Fiber optic
3211-AAPKX,Month-to-month,Mailed check,Yes,98.55,Fiber optic
8445-DNBAE,Month-to-month,Electronic check,Yes,50.05,DSL
2951-QOQTK,Month-to-month,Credit card (automatic),No,80.8,Fiber optic
2958-NHPPS,Month-to-month,Electronic check,No,20.85,No
6806-YDEUL,Month-to-month,Bank transfer (automatic),No,19.5,No
1735-XMJVH,Month-to-month,Mailed check,Yes,19.35,No
6890-PFRQX,Month-to-month,Mailed check,No,69.5,DSL
0222-CNVPT,Month-to-month,Credit card (automatic),Yes,48.8,DSL
5899-OUVKV,Month-to-month,Electronic check,Yes,94.5,Fiber optic
8681-ICONS,Month-to-month,Mailed check,Yes,20.65,No
1621-YNCJH,Two year,Credit card (automatic),Yes,106.05,Fiber optic
3473-XIIIT,Month-to-month,Electronic check,Yes,100.0,Fiber optic
6362-QHAFM,One year,Electronic check,Yes,108.3,Fiber optic
7893-IXHRQ,Month-to-month,Electronic check,No,20.55,No
3070-BDOQC,Two year,Electronic check,Yes,99.65,Fiber optic
2952-QAYZF,Month-to-month,Electronic check,Yes,85.3,Fiber optic
6234-PFPXL,Month-to-month,Credit card (automatic),No,95.9,Fiber optic
9824-QCJPK,One year,Mailed check,No,20.0,No
4763-PGDPO,Month-to-month,Electronic check,No,70.4,Fiber optic
4283-IVYCI,Month-to-month,Mailed check,No,64.95,DSL
1866-OBPNR,Month-to-month,Credit card (automatic),No,74.6,Fiber optic
8205-MQUGY,Month-to-month,Electronic check,Yes,49.2,DSL
8970-ANWXO,One year,Mailed check,Yes,73.75,DSL
9480-BQJEI,One year,Bank transfer (automatic),Yes,92.3,Fiber optic
5394-SVGJV,Month-to-month,Bank transfer (automatic),No,98.8,Fiber optic
6979-TNDEU,Month-to-month,Mailed check,No,19.2,No
9777-WJJPR,Month-to-month,Credit card (automatic),No,88.65,Fiber optic
9283-LZQOH,Month-to-month,Credit card (automatic),Yes,74.4,Fiber optic
7079-QRCBC,Month-to-month,Electronic check,Yes,98.75,Fiber optic
9495-SKLKD,Month-to-month,Bank transfer (automatic),Yes,95.95,Fiber optic
6048-UWKAL,Two year,Credit card (automatic),No,105.4,Fiber optic
5067-DGXLL,Month-to-month,Mailed check,No,20.25,No
5469-CTCWN,One year,Electronic check,Yes,106.0,Fiber optic
9851-QXEEQ,Month-to-month,Electronic check,Yes,104.7,Fiber optic
6281-FKEWS,One year,Electronic check,Yes,49.05,DSL
8898-KASCD,One year,Mailed check,No,35.55,DSL
9242-TKFSV,Two year,Credit card (automatic),Yes,65.1,DSL
9290-SHCMB,Month-to-month,Electronic check,Yes,96.85,Fiber optic
0743-HNPFG,One year,Credit card (automatic),Yes,69.75,DSL
2277-BKJKN,Two year,Electronic check,Yes,99.2,Fiber optic
9809-IMGCQ,Month-to-month,Electronic check,Yes,96.7,Fiber optic
5208-HFSBT,Month-to-month,Credit card (automatic),Yes,55.05,DSL
5035-PGZXH,One year,Electronic check,Yes,106.8,Fiber optic
8695-WDYEA,Month-to-month,Mailed check,No,51.25,DSL
6543-JXSOO,One year,Mailed check,Yes,57.75,DSL
8016-ZMGMO,One year,Bank transfer (automatic),Yes,70.85,DSL
8605-ITULD,Month-to-month,Mailed check,No,19.55,No
3254-YRILK,Month-to-month,Electronic check,Yes,88.2,Fiber optic
6416-YJTTB,Month-to-month,Bank transfer (automatic),Yes,79.5,Fiber optic
2667-WYLWJ,One year,Mailed check,Yes,19.75,No
4472-VESGY,Month-to-month,Bank transfer (automatic),No,98.15,Fiber optic
3195-TQDZX,Month-to-month,Electronic check,Yes,20.25,No
3128-YOVTD,Month-to-month,Bank transfer (automatic),Yes,79.15,Fiber optic
0529-ONKER,Month-to-month,Electronic check,No,75.65,Fiber optic
1728-CXQBE,Month-to-month,Electronic check,Yes,94.25,Fiber optic
7041-TXQJH,Month-to-month,Credit card (automatic),Yes,40.2,DSL
5014-GSOUQ,Two year,Mailed check,No,19.95,No
5724-BIDBU,One year,Electronic check,Yes,55.35,DSL
0481-SUMCB,One year,Bank transfer (automatic),Yes,102.15,Fiber optic
1769-GRUIK,Month-to-month,Electronic check,Yes,71.1,Fiber optic
5240-IJOQT,Month-to-month,Electronic check,Yes,74.7,Fiber optic
8819-WFGGJ,Two year,Bank transfer (automatic),Yes,54.1,DSL
7427-AUFPY,Two year,Credit card (automatic),No,19.65,No
2811-POVEX,Month-to-month,Bank transfer (automatic),Yes,88.45,Fiber optic
1092-GANHU,Month-to-month,Electronic check,Yes,76.65,Fiber optic
7898-PDWQE,Two year,Credit card (automatic),No,80.4,DSL
9972-EWRJS,Two year,Bank transfer (automatic),Yes,19.25,No
9314-IJWSQ,Month-to-month,Electronic check,Yes,84.8,Fiber optic
0661-XEYAN,Month-to-month,Mailed check,Yes,25.8,DSL
5799-JRCZO,Two year,Credit card (automatic),No,19.5,No
1921-KYSAY,One year,Electronic check,Yes,68.6,DSL
6198-RTPMF,Month-to-month,Electronic check,No,92.6,Fiber optic
2924-KHUVI,One year,Electronic check,Yes,100.55,Fiber optic
1925-GMVBW,Month-to-month,Credit card (automatic),No,20.55,No
7881-EVUAD,Month-to-month,Electronic check,Yes,42.6,DSL
6184-DYUOB,Month-to-month,Mailed check,Yes,19.6,No
9207-ZPANB,One year,Electronic check,No,67.45,DSL
5766-XQXMQ,Month-to-month,Bank transfer (automatic),Yes,68.85,DSL
9327-QSDED,Month-to-month,Mailed check,No,43.55,DSL
1656-DRSMG,Month-to-month,Credit card (automatic),Yes,109.85,Fiber optic
3012-VFFMN,Month-to-month,Mailed check,No,20.65,No
2984-AFWNC,Month-to-month,Electronic check,No,95.4,Fiber optic
0640-YJTPY,Two year,Bank transfer (automatic),No,21.0,No
8096-LOIST,Month-to-month,Electronic check,Yes,56.2,DSL
9764-REAFF,Two year,Bank transfer (automatic),No,18.4,No
3703-VAVCL,Month-to-month,Credit card (automatic),No,90.0,Fiber optic
7107-UBYKY,Month-to-month,Electronic check,Yes,25.75,No
4881-GQJTW,Month-to-month,Credit card (automatic),No,19.6,No
8519-QJGJD,Month-to-month,Electronic check,No,75.35,Fiber optic
7876-DNYAP,Two year,Credit card (automatic),No,19.8,No
7905-NJMXS,Month-to-month,Electronic check,No,64.2,DSL
2882-WDTBA,Two year,Bank transfer (automatic),Yes,75.75,DSL
2091-GPPIQ,Two year,Electronic check,Yes,78.95,DSL
6326-MTTXK,Month-to-month,Electronic check,No,100.85,Fiber optic
5071-FBJFS,Month-to-month,Electronic check,No,50.3,DSL
2796-UUZZO,Month-to-month,Credit card (automatic),Yes,80.3,Fiber optic
2429-AYKKO,Two year,Bank transfer (automatic),No,19.85,No
9798-OPFEM,Two year,Electronic check,Yes,21.1,No
0330-IVZHA,Month-to-month,Electronic check,No,69.95,Fiber optic
3794-NFNCH,Month-to-month,Mailed check,Yes,50.0,DSL
5193-QLVZB,Two year,Bank transfer (automatic),Yes,104.75,Fiber optic
7114-AEOZE,Two year,Bank transfer (automatic),No,19.85,No
2886-KEFUM,One year,Electronic check,Yes,107.5,Fiber optic
5522-NYKPB,Month-to-month,Electronic check,No,85.9,Fiber optic
4237-RLAQD,Month-to-month,Mailed check,Yes,45.85,DSL
9957-YODKZ,Month-to-month,Electronic check,Yes,80.8,Fiber optic
6518-KZXCB,Two year,Mailed check,No,25.25,No
2245-ADZFJ,Two year,Bank transfer (automatic),No,80.55,DSL
7776-QGYJC,Month-to-month,Bank transfer (automatic),Yes,81.5,Fiber optic
9313-QOLTZ,Month-to-month,Mailed check,No,20.9,No
9651-GTSAQ,One year,Bank transfer (automatic),Yes,106.1,Fiber optic
3186-BAXNB,Month-to-month,Electronic check,No,91.7,Fiber optic
4672-FOTSD,Month-to-month,Electronic check,Yes,67.25,DSL
0637-YLETY,Month-to-month,Credit card (automatic),Yes,95.6,Fiber optic
9818-XQCUV,Month-to-month,Mailed check,No,20.35,No
7338-ERIVA,One year,Bank transfer (automatic),No,45.05,DSL
1157-BQCUW,Month-to-month,Electronic check,Yes,74.95,Fiber optic
8259-NFJTV,Month-to-month,Mailed check,No,34.65,DSL
3223-DWFIO,Month-to-month,Electronic check,No,69.35,Fiber optic
2660-EMUBI,Month-to-month,Electronic check,Yes,95.35,Fiber optic
6968-GMKPR,Month-to-month,Electronic check,Yes,81.55,Fiber optic
4751-ERMAN,Two year,Bank transfer (automatic),Yes,75.4,DSL
1436-ZMJAN,Month-to-month,Credit card (automatic),Yes,67.8,DSL
3292-PBZEJ,Month-to-month,Electronic check,Yes,111.4,Fiber optic
0799-DDIHE,Month-to-month,Electronic check,No,46.3,DSL
3070-FNFZQ,Two year,Bank transfer (automatic),No,20.4,No
2812-SFXMJ,Month-to-month,Mailed check,No,20.05,No
7675-OZCZG,Month-to-month,Electronic check,No,45.0,DSL
5014-WUQMG,One year,Electronic check,Yes,96.1,Fiber optic
5312-TSZVC,One year,Mailed check,No,19.65,No
2003-CKLOR,Month-to-month,Electronic check,No,99.5,Fiber optic
0993-OSGPT,One year,Bank transfer (automatic),Yes,60.65,DSL
9254-RBFON,One year,Bank transfer (automatic),No,98.6,Fiber optic
1205-WNWPJ,Month-to-month,Mailed check,Yes,59.5,DSL
9391-EOYLI,Month-to-month,Electronic check,Yes,80.45,Fiber optic
7108-DGVUU,One year,Bank transfer (automatic),No,71.7,DSL
2782-JEEBU,Month-to-month,Mailed check,Yes,36.0,DSL
5127-BZENZ,One year,Bank transfer (automatic),No,65.2,DSL
2720-FVBQP,Month-to-month,Credit card (automatic),Yes,48.95,DSL
9906-NHHVC,Two year,Bank transfer (automatic),Yes,53.5,DSL
4522-XRWWI,One year,Credit card (automatic),No,80.45,DSL
3766-EJLFL,Two year,Bank transfer (automatic),Yes,109.05,Fiber optic
5939-SXWHM,Two year,Bank transfer (automatic),No,26.3,No
8152-UOBNY,One year,Electronic check,Yes,106.8,Fiber optic
7351-KYHQH,Month-to-month,Electronic check,Yes,64.95,DSL
7643-RCHXS,Two year,Electronic check,No,19.35,No
8246-SHFGA,Month-to-month,Credit card (automatic),No,21.1,No
8387-MOJJT,Month-to-month,Credit card (automatic),Yes,77.95,Fiber optic
0620-XEFWH,Month-to-month,Mailed check,No,18.85,No
6485-QXWWE,Two year,Bank transfer (automatic),No,26.0,No
2761-OCIAX,Month-to-month,Electronic check,Yes,74.7,Fiber optic
7321-VGNKU,Month-to-month,Electronic check,Yes,70.35,Fiber optic
5327-CNLUQ,Two year,Bank transfer (automatic),Yes,96.9,Fiber optic
7552-KEYGT,Two year,Bank transfer (automatic),No,19.55,No
5816-JMLGY,Two year,Bank transfer (automatic),Yes,80.4,DSL
3068-OMWZA,Month-to-month,Electronic check,Yes,88.8,Fiber optic
2927-QRRQV,One year,Electronic check,Yes,94.65,Fiber optic
6032-KRXXO,Month-to-month,Electronic check,Yes,90.25,Fiber optic
7459-RRWQZ,Month-to-month,Bank transfer (automatic),Yes,64.65,DSL
6265-SXWBU,One year,Credit card (automatic),No,95.75,Fiber optic
7941-RCJOW,Two year,Credit card (automatic),Yes,19.55,No
6374-NTQLP,Two year,Credit card (automatic),Yes,104.1,Fiber optic
4154-AQUGT,Month-to-month,Bank transfer (automatic),Yes,89.05,Fiber optic
2387-KDZQY,One year,Mailed check,Yes,20.1,No
3584-WKTTW,One year,Electronic check,Yes,111.55,Fiber optic
3399-BMLVW,Two year,Credit card (automatic),No,60.5,DSL
1971-DTCZB,Two year,Bank transfer (automatic),Yes,90.95,DSL
3092-IGHWF,One year,Electronic check,No,87.4,Fiber optic
3374-PZLXD,Month-to-month,Mailed check,No,19.7,No
3813-DHBBB,Two year,Bank transfer (automatic),Yes,50.95,DSL
2812-REYAT,One year,Bank transfer (automatic),Yes,20.05,No
6518-PPLMZ,Two year,Mailed check,Yes,19.4,No
4939-KYYPY,Month-to-month,Electronic check,No,59.45,DSL
8017-LXHFA,Month-to-month,Electronic check,Yes,94.75,Fiber optic
5930-GBIWP,Two year,Credit card (automatic),Yes,81.5,DSL
6022-KOUQO,Month-to-month,Bank transfer (automatic),No,29.05,DSL
6352-TWCAU,Month-to-month,Electronic check,Yes,86.45,Fiber optic
2361-UPSND,One year,Mailed check,No,70.6,DSL
6035-RIIOM,Two year,Bank transfer (automatic),Yes,97.2,Fiber optic
2929-QNSRW,One year,Electronic check,Yes,98.25,Fiber optic
1262-OPMFY,Month-to-month,Bank transfer (automatic),Yes,75.75,Fiber optic
9504-DSHWM,Month-to-month,Bank transfer (automatic),No,59.2,DSL
5035-BVCXS,Month-to-month,Mailed check,Yes,75.9,Fiber optic
6267-DCFFZ,Month-to-month,Electronic check,Yes,90.05,Fiber optic
3533-UVMOM,Two year,Bank transfer (automatic),No,70.95,DSL
2439-LYPMQ,Month-to-month,Electronic check,Yes,102.6,Fiber optic
4248-QPAVC,Month-to-month,Bank transfer (automatic),Yes,85.35,Fiber optic
1899-VXWXM,One year,Credit card (automatic),Yes,106.1,Fiber optic
1478-VPOAD,Month-to-month,Electronic check,No,43.8,DSL
9995-HOTOH,Two year,Electronic check,No,59.0,DSL
2988-PLAHS,One year,Electronic check,Yes,69.95,DSL
1371-OJCEK,One year,Bank transfer (automatic),No,24.35,No
4999-IEZLT,One year,Credit card (automatic),No,29.45,DSL
8883-ANODQ,Two year,Credit card (automatic),Yes,84.4,Fiber optic
4690-LLKUA,Month-to-month,Electronic check,Yes,45.05,DSL
2351-RRBUE,One year,Mailed check,No,20.65,No
5980-BDHPY,Two year,Bank transfer (automatic),Yes,87.1,DSL
1498-DQNRX,Month-to-month,Mailed check,No,19.85,No
9469-WEJBT,Month-to-month,Electronic check,Yes,90.35,Fiber optic
3331-HQDTW,Month-to-month,Mailed check,Yes,109.8,Fiber optic
9490-DFPMD,Month-to-month,Electronic check,Yes,84.65,Fiber optic
2581-VKIRT,One year,Mailed check,No,65.5,DSL
5442-XSDCW,Month-to-month,Bank transfer (automatic),Yes,79.5,Fiber optic
7426-WEIJX,Month-to-month,Electronic check,Yes,80.95,Fiber optic
2851-MMUTZ,Month-to-month,Mailed check,Yes,56.15,DSL
3049-NDXFL,Month-to-month,Mailed check,No,85.8,Fiber optic
8580-AECUZ,Month-to-month,Electronic check,Yes,79.1,Fiber optic
3307-TLCUD,Month-to-month,Mailed check,No,34.4,DSL
6625-FLENO,Two year,Mailed check,No,20.75,No
2967-MXRAV,One year,Mailed check,No,18.8,No
7963-GQRMY,Month-to-month,Mailed check,No,44.3,DSL
8189-HBVRW,Month-to-month,Electronic check,No,90.8,Fiber optic
4163-KIUHY,Month-to-month,Electronic check,Yes,25.6,No
1228-FZFRV,Month-to-month,Credit card (automatic),No,105.95,Fiber optic
3500-NSDOA,Two year,Credit card (automatic),No,70.8,DSL
1171-TYKUR,Month-to-month,Electronic check,No,25.4,No
3761-FLYZI,Month-to-month,Bank transfer (automatic),Yes,108.8,Fiber optic
2058-DCJBE,Month-to-month,Electronic check,Yes,69.75,Fiber optic
5364-XYIRR,Month-to-month,Electronic check,Yes,94.65,Fiber optic
4829-AUOAX,Month-to-month,Bank transfer (automatic),No,96.05,Fiber optic
1219-NNDDO,Month-to-month,Electronic check,Yes,76.85,Fiber optic
8388-DMKAE,Two year,Mailed check,No,20.25,No
4403-BWPAY,One year,Credit card (automatic),Yes,24.8,No
9659-QEQSY,Month-to-month,Electronic check,Yes,115.65,Fiber optic
5405-ZMYXQ,Month-to-month,Credit card (automatic),Yes,74.6,Fiber optic
5047-LHVLY,Month-to-month,Mailed check,Yes,50.15,DSL
1442-OKRJE,One year,Bank transfer (automatic),Yes,103.15,Fiber optic
4737-AQCPU,Two year,Credit card (automatic),No,72.1,DSL
9158-VCTQB,Month-to-month,Bank transfer (automatic),Yes,113.6,Fiber optic
2808-CHTDM,Two year,Mailed check,No,25.1,No
6311-UEUME,Month-to-month,Electronic check,Yes,78.9,Fiber optic
0793-TWELN,Month-to-month,Electronic check,Yes,80.15,Fiber optic
3283-WCWXT,Two year,Mailed check,No,25.4,No
1060-ENTOF,One year,Credit card (automatic),Yes,105.4,Fiber optic
0999-QXNSA,Month-to-month,Mailed check,Yes,45.75,DSL
5451-MHQOF,One year,Mailed check,Yes,24.45,No
4836-WNFNO,Two year,Credit card (automatic),No,25.0,No
9225-BZLNZ,Two year,Electronic check,Yes,85.25,DSL
0354-VXMJC,Two year,Credit card (automatic),No,19.6,No
4422-QVIJA,Month-to-month,Mailed check,No,50.15,DSL
9365-SRSZE,Month-to-month,Electronic check,Yes,70.55,Fiber optic
6839-ITVZJ,Month-to-month,Electronic check,Yes,60.05,DSL
8332-OSJDW,One year,Mailed check,No,26.4,No
4735-BJKOU,Two year,Mailed check,No,20.15,No
0274-JKUJR,Month-to-month,Mailed check,No,58.85,DSL
5740-YHGTW,Month-to-month,Credit card (automatic),Yes,97.55,Fiber optic
8917-SZTTJ,Two year,Credit card (automatic),No,19.65,No
1696-MZVAU,One year,Credit card (automatic),Yes,25.25,DSL
7359-WWYJV,Two year,Credit card (automatic),No,114.45,Fiber optic
0375-HVGXO,Month-to-month,Electronic check,Yes,34.7,DSL
4906-ZHGPK,One year,Electronic check,Yes,70.7,DSL
8593-WHYHV,Month-to-month,Electronic check,Yes,85.3,Fiber optic
3795-GWTRD,Two year,Credit card (automatic),No,75.55,DSL
1298-PHBTI,Two year,Electronic check,Yes,84.8,Fiber optic
6223-DHJGV,One year,Mailed check,Yes,20.65,No
6961-MJKBO,Two year,Bank transfer (automatic),No,20.45,No
6097-EQISJ,One year,Credit card (automatic),Yes,102.45,Fiber optic
4423-YLHDV,Month-to-month,Bank transfer (automatic),Yes,104.4,Fiber optic
8158-WPEZG,Month-to-month,Electronic check,Yes,35.65,DSL
0107-YHINA,Month-to-month,Electronic check,Yes,99.75,Fiber optic
4918-FYJNT,Month-to-month,Electronic check,No,90.45,Fiber optic
0727-BNRLG,Two year,Credit card (automatic),Yes,97.65,Fiber optic
4854-CIDCF,Month-to-month,Electronic check,No,73.85,Fiber optic
8640-SDGKB,Month-to-month,Electronic check,Yes,74.4,DSL
3280-MRDOF,Two year,Credit card (automatic),Yes,69.1,DSL
6435-SRWBJ,Month-to-month,Electronic check,Yes,82.75,Fiber optic
9964-WBQDJ,Two year,Credit card (automatic),Yes,24.4,No
6303-KFWSL,One year,Electronic check,Yes,55.25,DSL
1702-CCFNJ,Month-to-month,Bank transfer (automatic),No,61.35,DSL
8932-CZHRQ,One year,Credit card (automatic),No,76.75,DSL
0386-CWRGM,Two year,Mailed check,No,19.4,No
5515-RUGKN,Month-to-month,Credit card (automatic),Yes,54.75,DSL
0404-AHASP,Two year,Credit card (automatic),No,19.7,No
7279-NMVJC,One year,Bank transfer (automatic),No,19.9,No
2081-VEYEH,Month-to-month,Electronic check,Yes,107.95,Fiber optic
6407-UTSLV,Month-to-month,Bank transfer (automatic),Yes,83.8,Fiber optic
4116-TZAQJ,Month-to-month,Credit card (automatic),Yes,74.25,Fiber optic
9060-HJJRW,One year,Credit card (automatic),Yes,56.4,DSL
2587-YNLES,Two year,Mailed check,No,20.1,No
7398-SKNQZ,Month-to-month,Electronic check,No,94.9,Fiber optic
5935-FCCNB,Month-to-month,Electronic check,Yes,94.2,Fiber optic
1958-RNRKS,Month-to-month,Electronic check,No,49.9,DSL
5136-RGMZO,Month-to-month,Electronic check,Yes,71.05,DSL
8345-MVDYC,Two year,Bank transfer (automatic),No,81.65,DSL
8226-BXGES,One year,Bank transfer (automatic),No,89.45,Fiber optic
3877-JRJIP,Month-to-month,Electronic check,Yes,59.85,DSL
8375-DKEBR,Month-to-month,Electronic check,Yes,69.6,Fiber optic
9705-IOVQQ,One year,Electronic check,No,99.0,Fiber optic
1015-OWJKI,Month-to-month,Mailed check,No,19.05,No
7511-YMXVQ,Month-to-month,Electronic check,Yes,45.4,DSL
2040-XBAVJ,Two year,Bank transfer (automatic),No,114.45,Fiber optic
7551-JOHTI,Month-to-month,Mailed check,No,19.5,No
8887-IPQNC,Month-to-month,Mailed check,Yes,44.25,DSL
8646-JCOMS,One year,Bank transfer (automatic),Yes,90.55,Fiber optic
9804-ICWBG,Month-to-month,Electronic check,Yes,69.9,Fiber optic
1222-KJNZD,Month-to-month,Bank transfer (automatic),Yes,20.4,No
0106-GHRQR,Month-to-month,Bank transfer (automatic),Yes,71.4,DSL
5318-IXUZF,Month-to-month,Bank transfer (automatic),Yes,87.15,Fiber optic
3768-VHXQO,Two year,Credit card (automatic),No,24.85,No
8952-WCVCD,One year,Bank transfer (automatic),Yes,104.45,Fiber optic
2418-TPEUN,Two year,Credit card (automatic),Yes,19.8,No
3963-RYFNS,Two year,Bank transfer (automatic),Yes,116.45,Fiber optic
3198-VELRD,Month-to-month,Bank transfer (automatic),Yes,84.75,Fiber optic
8540-ZQGEA,Two year,Credit card (automatic),No,20.05,No
1320-REHCS,Month-to-month,Electronic check,Yes,110.75,Fiber optic
4137-JOPHL,Two year,Bank transfer (automatic),Yes,89.7,Fiber optic
9436-ZBZCT,Month-to-month,Electronic check,Yes,89.95,Fiber optic
7801-CEDNV,One year,Credit card (automatic),No,48.7,DSL
2057-BOYKM,Two year,Bank transfer (automatic),Yes,96.6,Fiber optic
3658-QQJYD,One year,Credit card (automatic),Yes,74.3,DSL
1803-BGNBD,Month-to-month,Electronic check,Yes,54.3,DSL
0134-XWXCE,One year,Bank transfer (automatic),No,74.85,DSL
6950-TWMYB,Two year,Bank transfer (automatic),Yes,79.95,Fiber optic
5848-FHRFC,Two year,Bank transfer (automatic),No,20.05,No
2243-FNMMI,Month-to-month,Mailed check,No,19.4,No
2511-MORQY,One year,Bank transfer (automatic),No,54.9,DSL
5356-KZCKT,Two year,Credit card (automatic),Yes,24.45,No
9470-XCCEM,Month-to-month,Bank transfer (automatic),Yes,89.65,Fiber optic
6519-CFDBX,Month-to-month,Electronic check,Yes,45.4,DSL
3902-MIVLE,Two year,Mailed check,No,75.7,DSL
0409-WTMPL,One year,Credit card (automatic),Yes,110.65,Fiber optic
8763-KIAFH,One year,Mailed check,Yes,20.55,No
3669-WHAFY,Two year,Credit card (automatic),Yes,115.15,Fiber optic
3055-VTCGS,One year,Credit card (automatic),No,58.55,DSL
3144-KMTWZ,Month-to-month,Bank transfer (automatic),Yes,93.25,Fiber optic
7279-BUYWN,Month-to-month,Electronic check,Yes,113.2,Fiber optic
7156-MHUGY,Month-to-month,Electronic check,Yes,90.5,Fiber optic
7198-GLXTC,Month-to-month,Electronic check,No,79.0,Fiber optic
2007-QVGAW,Two year,Bank transfer (automatic),Yes,19.35,No
5207-PLSTK,Month-to-month,Mailed check,Yes,48.75,DSL
2307-FYNNL,Two year,Electronic check,Yes,109.05,Fiber optic
5605-XNWEN,Two year,Bank transfer (automatic),Yes,25.0,No
2155-AMQRX,Month-to-month,Credit card (automatic),Yes,54.9,DSL
6181-AXXYF,Two year,Credit card (automatic),No,24.75,No
5091-HFAZW,Month-to-month,Electronic check,Yes,91.15,Fiber optic
0516-VRYBW,One year,Bank transfer (automatic),No,20.15,No
2519-LBNQL,One year,Electronic check,Yes,104.35,Fiber optic
8623-ULFNQ,Month-to-month,Electronic check,Yes,66.05,DSL
8380-PEFPE,Month-to-month,Electronic check,Yes,71.65,Fiber optic
5687-DKDTV,Month-to-month,Mailed check,No,20.35,No
1568-LJSZU,Two year,Credit card (automatic),Yes,92.2,DSL
7530-HDYDS,Month-to-month,Credit card (automatic),Yes,84.25,Fiber optic
7789-HKSBS,One year,Bank transfer (automatic),Yes,105.2,Fiber optic
7416-CKTEP,Two year,Bank transfer (automatic),Yes,19.6,No
2586-CWXVV,Month-to-month,Electronic check,No,30.4,DSL
3096-IZETN,Month-to-month,Bank transfer (automatic),No,78.1,Fiber optic
2348-KCJLT,One year,Mailed check,Yes,61.5,DSL
8401-EMUWF,Month-to-month,Bank transfer (automatic),Yes,69.4,DSL
4193-IBKSW,Two year,Bank transfer (automatic),No,24.75,No
5377-NDTOU,Two year,Mailed check,No,91.05,DSL
5922-ABDVO,Month-to-month,Mailed check,No,89.65,Fiber optic
2474-LCNUE,Month-to-month,Credit card (automatic),Yes,73.65,DSL
0839-QNXME,Two year,Credit card (automatic),No,19.4,No
3506-OVLKD,One year,Bank transfer (automatic),No,26.2,No
9172-ANCRX,Month-to-month,Electronic check,Yes,98.7,Fiber optic
6650-VJONK,Month-to-month,Bank transfer (automatic),Yes,43.85,DSL
2178-PMGCJ,Month-to-month,Mailed check,Yes,69.7,Fiber optic
7492-TAFJD,Two year,Mailed check,No,38.55,DSL
2773-MADBQ,Two year,Mailed check,Yes,53.1,DSL
6016-LVTJQ,Month-to-month,Mailed check,No,20.65,No
7860-KSUGX,Two year,Credit card (automatic),No,64.45,DSL
8966-KZXXA,Two year,Credit card (automatic),No,25.1,No
6910-HADCM,Month-to-month,Electronic check,No,76.35,Fiber optic
4816-LXZYW,Month-to-month,Electronic check,Yes,79.15,Fiber optic
9606-PBKBQ,Month-to-month,Electronic check,Yes,85.0,Fiber optic
5149-QYTTU,One year,Credit card (automatic),Yes,95.15,Fiber optic
2070-XYMFH,Month-to-month,Mailed check,Yes,79.35,Fiber optic
2085-BOJKI,One year,Bank transfer (automatic),Yes,96.65,Fiber optic
0817-HSUSE,Month-to-month,Electronic check,Yes,75.5,DSL
5442-PPTJY,Two year,Mailed check,No,19.7,No
1927-QEWMY,Two year,Credit card (automatic),No,20.5,No
1663-MHLHE,Month-to-month,Mailed check,No,19.2,No
5663-QBGIS,Two year,Bank transfer (automatic),No,98.35,Fiber optic
4450-MDZFX,Month-to-month,Bank transfer (automatic),No,74.35,Fiber optic
6701-DHKWQ,Two year,Credit card (automatic),No,51.35,DSL
7554-AKDQF,Month-to-month,Mailed check,No,45.65,DSL
3536-IQCTX,Month-to-month,Electronic check,No,85.3,Fiber optic
4911-BANWH,Month-to-month,Credit card (automatic),Yes,86.55,Fiber optic
8496-EJAUI,Month-to-month,Credit card (automatic),Yes,73.85,Fiber optic
0794-YVSGE,Two year,Bank transfer (automatic),No,20.3,No
5423-BHIXO,Month-to-month,Electronic check,Yes,54.2,DSL
6908-VVYHM,Month-to-month,Electronic check,Yes,90.65,Fiber optic
2959-EEXWB,Month-to-month,Bank transfer (automatic),Yes,50.9,DSL
1839-UMACK,One year,Electronic check,No,25.05,No
3030-YDNRM,Month-to-month,Electronic check,Yes,74.85,Fiber optic
7321-KKSDU,Two year,Mailed check,No,20.5,No
3402-XRIUO,Month-to-month,Mailed check,Yes,63.55,DSL
3132-TVFDZ,Month-to-month,Electronic check,Yes,44.85,DSL
8286-AFUYI,Month-to-month,Electronic check,No,47.95,DSL
8080-DDEMJ,Month-to-month,Electronic check,No,45.1,DSL
8356-WUAOJ,Month-to-month,Electronic check,Yes,45.0,DSL
6365-MTGZX,Month-to-month,Electronic check,Yes,96.0,Fiber optic
1349-WXNGG,Month-to-month,Bank transfer (automatic),No,20.05,No
8058-DMYRU,Month-to-month,Electronic check,Yes,90.05,Fiber optic
9350-ZXYJC,Two year,Credit card (automatic),Yes,25.3,No
6990-YNRIO,Two year,Bank transfer (automatic),No,108.65,Fiber optic
8958-JPTRR,One year,Electronic check,No,24.3,No
6959-GQEGV,Month-to-month,Electronic check,Yes,75.95,DSL
3173-WSSUE,Two year,Credit card (automatic),No,19.7,No
1265-HVPZB,One year,Credit card (automatic),No,66.4,DSL
4115-UMJFQ,One year,Bank transfer (automatic),Yes,35.75,DSL
7369-TRPFD,One year,Mailed check,No,18.8,No
1098-KFQEC,Two year,Credit card (automatic),No,19.4,No
7190-XHTWJ,One year,Mailed check,No,19.3,No
0621-TWIEM,Month-to-month,Electronic check,Yes,45.55,DSL
3537-RYBHH,Month-to-month,Credit card (automatic),Yes,67.45,DSL
2485-ITVKB,Month-to-month,Electronic check,Yes,35.1,DSL
3669-OYSJI,Month-to-month,Credit card (automatic),No,46.2,DSL
1612-EOHDH,Month-to-month,Electronic check,No,45.15,DSL
6702-OHFWR,Month-to-month,Electronic check,Yes,43.3,DSL
5296-BFCYD,Two year,Mailed check,Yes,20.1,No
4510-PYUSH,Month-to-month,Credit card (automatic),Yes,57.15,DSL
9359-JANWS,Two year,Credit card (automatic),No,58.9,DSL
7517-SAWMO,Month-to-month,Electronic check,Yes,73.2,Fiber optic
4143-HHPMK,Month-to-month,Electronic check,Yes,85.35,Fiber optic
3279-DYZQM,Two year,Mailed check,No,19.45,No
7054-LGEQW,Month-to-month,Mailed check,No,45.95,DSL
0523-VNGTF,Month-to-month,Electronic check,Yes,50.5,DSL
9575-IWCAZ,One year,Mailed check,No,25.1,No
7105-MXJLL,One year,Mailed check,No,60.7,DSL
7064-FRRSW,One year,Electronic check,Yes,99.0,Fiber optic
7940-UQQUG,One year,Bank transfer (automatic),Yes,104.4,Fiber optic
0923-PNFUB,Month-to-month,Electronic check,No,83.75,Fiber optic
3961-SXAXY,Month-to-month,Bank transfer (automatic),Yes,44.05,DSL
7010-BRBUU,Two year,Credit card (automatic),No,24.1,No
3566-HJGPK,Month-to-month,Mailed check,Yes,45.55,DSL
3062-ICYZQ,Month-to-month,Electronic check,Yes,93.8,Fiber optic
9938-PRCVK,Two year,Bank transfer (automatic),No,19.7,No
0973-KYVNF,Two year,Credit card (automatic),Yes,70.65,DSL
5129-HHMZC,Two year,Credit card (automatic),No,86.45,DSL
9637-CDTKZ,Two year,Credit card (automatic),Yes,114.1,Fiber optic
3946-JEWRQ,One year,Credit card (automatic),Yes,95.2,Fiber optic
7873-CVMAW,Two year,Credit card (automatic),No,88.55,DSL
0463-WZZKO,Month-to-month,Credit card (automatic),Yes,20.75,No
3494-JCHRQ,Month-to-month,Electronic check,Yes,70.05,Fiber optic
6474-FVJLC,Month-to-month,Electronic check,Yes,86.0,Fiber optic
4524-QCSSM,Month-to-month,Bank transfer (automatic),Yes,44.65,DSL
5832-EXGTT,Month-to-month,Mailed check,Yes,60.2,DSL
8840-DQLGN,Month-to-month,Bank transfer (automatic),Yes,100.5,Fiber optic
2039-JONDJ,One year,Bank transfer (automatic),No,55.45,DSL
7217-JYHOQ,Month-to-month,Credit card (automatic),Yes,70.3,DSL
6695-FRVEC,Two year,Bank transfer (automatic),Yes,60.4,DSL
4547-LYTDD,Month-to-month,Electronic check,No,72.65,Fiber optic
9894-QMIMJ,One year,Bank transfer (automatic),No,55.8,DSL
8069-YQQAJ,Month-to-month,Mailed check,Yes,31.1,DSL
6770-XUAGN,Month-to-month,Electronic check,Yes,21.0,No
4193-ORFCL,Month-to-month,Mailed check,No,45.1,DSL
1636-NTNCO,Month-to-month,Credit card (automatic),Yes,50.95,DSL
3466-WAESX,Month-to-month,Electronic check,Yes,69.1,DSL
9281-PKKZE,Month-to-month,Electronic check,Yes,43.95,DSL
3638-VBZTA,Two year,Bank transfer (automatic),Yes,86.5,DSL
7459-IMVYU,Month-to-month,Electronic check,No,69.95,DSL
7776-QWNFX,Month-to-month,Bank transfer (automatic),Yes,50.4,DSL
6689-TCZHQ,Month-to-month,Electronic check,No,78.95,Fiber optic
8563-OYMQY,Month-to-month,Credit card (automatic),Yes,90.95,Fiber optic
0754-EEBDC,Two year,Mailed check,No,19.9,No
5777-ZPQNC,One year,Electronic check,No,20.15,No
1951-IEYXM,Two year,Credit card (automatic),Yes,90.6,DSL
3318-NMQXL,Month-to-month,Electronic check,Yes,92.0,Fiber optic
3143-ILDAL,Month-to-month,Electronic check,Yes,94.45,Fiber optic
1022-RKXDR,One year,Mailed check,Yes,24.85,No
2361-FJWNO,One year,Credit card (automatic),No,36.0,DSL
2272-UOINI,Month-to-month,Electronic check,Yes,78.5,DSL
8232-UTFOZ,Two year,Credit card (automatic),No,19.95,No
3750-YHRYO,One year,Mailed check,No,20.65,No
6637-KYRCV,Month-to-month,Electronic check,Yes,30.5,DSL
5668-MEISB,Two year,Credit card (automatic),No,106.1,Fiber optic
0129-QMPDR,One year,Bank transfer (automatic),Yes,20.5,No
7188-CBBBA,One year,Electronic check,Yes,95.5,Fiber optic
5356-CSVSQ,Month-to-month,Electronic check,No,64.6,DSL
3221-CJMSG,Month-to-month,Credit card (automatic),Yes,51.1,DSL
4720-VSTSI,Month-to-month,Bank transfer (automatic),Yes,84.8,Fiber optic
3219-JQRSL,Two year,Credit card (automatic),No,89.1,DSL
2801-NISEI,Month-to-month,Electronic check,No,54.95,DSL
3946-MHCZW,Month-to-month,Mailed check,No,50.9,DSL
4623-ZKHLY,Month-to-month,Bank transfer (automatic),Yes,20.45,No
6732-VAILE,Two year,Credit card (automatic),Yes,85.95,DSL
8201-AAXCB,Month-to-month,Electronic check,No,60.35,DSL
7696-CFTAT,Two year,Bank transfer (automatic),No,19.8,No
1845-CSBRZ,Month-to-month,Bank transfer (automatic),No,85.35,Fiber optic
2123-VSCOT,Two year,Bank transfer (automatic),Yes,72.1,DSL
6651-AZVTJ,Month-to-month,Electronic check,Yes,99.8,Fiber optic
4566-GOLUK,Month-to-month,Bank transfer (automatic),Yes,107.35,Fiber optic
2484-DGXPZ,Month-to-month,Mailed check,Yes,19.55,No
2018-QKYGT,Month-to-month,Electronic check,Yes,81.05,Fiber optic
2792-VPPET,Month-to-month,Electronic check,Yes,20.5,No
7409-JURKQ,One year,Bank transfer (automatic),Yes,111.8,Fiber optic
3247-MHJKM,Month-to-month,Mailed check,No,20.2,No
1964-SVLEA,One year,Mailed check,Yes,19.7,No
4587-NUKOX,Month-to-month,Electronic check,Yes,79.1,Fiber optic
7297-DVYGA,One year,Bank transfer (automatic),Yes,19.85,No
2239-CGBUZ,One year,Bank transfer (automatic),Yes,60.5,DSL
0854-UYHZD,Two year,Mailed check,No,19.55,No
7243-LCGGZ,Month-to-month,Mailed check,No,20.9,No
8267-KFGYD,Month-to-month,Mailed check,Yes,21.05,No
4890-VMUAV,One year,Electronic check,No,71.5,DSL
9261-WDCAF,Month-to-month,Mailed check,No,54.65,DSL
3764-MNMOI,Two year,Credit card (automatic),No,19.2,No
7442-YGZFK,Month-to-month,Credit card (automatic),Yes,49.8,DSL
0420-BWTPW,Month-to-month,Mailed check,No,25.5,DSL
8229-BUJHX,Two year,Bank transfer (automatic),No,20.5,No
7449-HVPIV,Month-to-month,Credit card (automatic),Yes,90.4,Fiber optic
5504-WSIUR,One year,Bank transfer (automatic),Yes,90.25,Fiber optic
8183-ONMXC,Month-to-month,Electronic check,No,80.75,Fiber optic
8466-PZBLH,Two year,Bank transfer (automatic),No,104.6,Fiber optic
9614-RMGHA,Month-to-month,Bank transfer (automatic),Yes,91.85,Fiber optic
8735-IJJEG,Month-to-month,Credit card (automatic),No,50.2,DSL
0564-MUUQK,Month-to-month,Bank transfer (automatic),Yes,95.5,Fiber optic
5054-IEXZT,Month-to-month,Electronic check,Yes,75.35,Fiber optic
5834-ASPWA,Month-to-month,Electronic check,Yes,75.45,Fiber optic
0701-RFGFI,Month-to-month,Bank transfer (automatic),Yes,95.4,Fiber optic
0019-EFAEP,Two year,Bank transfer (automatic),Yes,101.3,Fiber optic
5619-PTMIK,Month-to-month,Electronic check,No,53.1,DSL
3737-XBQDD,Month-to-month,Bank transfer (automatic),Yes,84.85,Fiber optic
5882-CMAZQ,Month-to-month,Electronic check,No,34.25,DSL
5846-QFDFI,Month-to-month,Credit card (automatic),No,88.6,Fiber optic
4445-KWOKW,One year,Bank transfer (automatic),Yes,60.15,DSL
3511-APPBJ,One year,Credit card (automatic),Yes,99.95,Fiber optic
7967-HYCDE,Month-to-month,Bank transfer (automatic),No,70.7,Fiber optic
2430-RRYUW,One year,Mailed check,Yes,54.8,DSL
3948-XHGNA,Month-to-month,Bank transfer (automatic),Yes,49.55,DSL
3723-BFBGR,Month-to-month,Credit card (automatic),No,54.8,DSL
0565-IYCGT,One year,Credit card (automatic),Yes,78.6,DSL
5447-WZAFP,One year,Mailed check,Yes,100.3,Fiber optic
5110-CHOPY,Two year,Electronic check,No,53.6,DSL
5445-UTODQ,Month-to-month,Electronic check,Yes,81.1,Fiber optic
4425-OWHWB,One year,Credit card (automatic),Yes,19.35,No
7892-QVYKW,Month-to-month,Electronic check,No,85.6,Fiber optic
9675-ICXCT,Two year,Electronic check,Yes,80.8,DSL
1024-VRZHF,Month-to-month,Electronic check,Yes,74.95,Fiber optic
4703-MQYKT,Two year,Mailed check,No,19.6,No
9497-QCMMS,Month-to-month,Electronic check,Yes,93.55,Fiber optic
5692-ICXLW,Month-to-month,Electronic check,Yes,90.7,Fiber optic
0602-DDUML,Two year,Mailed check,No,69.75,DSL
2208-MPXIO,Two year,Bank transfer (automatic),Yes,20.0,No
1960-UYCNN,Month-to-month,Electronic check,Yes,95.25,Fiber optic
0348-SDKOL,Month-to-month,Credit card (automatic),Yes,102.1,Fiber optic
3190-FZATL,Month-to-month,Mailed check,No,19.95,No
7336-RLLRH,One year,Mailed check,No,80.85,DSL
4373-MAVJG,Month-to-month,Bank transfer (automatic),Yes,90.9,Fiber optic
8901-HJXTF,Month-to-month,Mailed check,No,29.2,DSL
7710-JSYOA,Two year,Bank transfer (automatic),Yes,93.3,Fiber optic
5419-KLXBN,Month-to-month,Bank transfer (automatic),Yes,89.15,Fiber optic
3424-NMNBO,One year,Electronic check,Yes,108.85,Fiber optic
9885-MFVSU,Two year,Credit card (automatic),Yes,46.35,DSL
4514-GFCFI,Month-to-month,Electronic check,Yes,84.75,Fiber optic
0607-MVMGC,One year,Credit card (automatic),No,78.75,DSL
3365-SAIGS,Month-to-month,Electronic check,Yes,83.55,Fiber optic
9828-AOQLM,Month-to-month,Electronic check,Yes,45.7,DSL
8022-BECSI,One year,Mailed check,No,19.6,No
8000-REIQB,Month-to-month,Electronic check,Yes,69.95,Fiber optic
9993-LHIEB,Two year,Mailed check,No,67.85,DSL
0266-CLZKZ,Two year,Bank transfer (automatic),Yes,105.65,Fiber optic
7615-ESMYF,Month-to-month,Electronic check,No,44.6,DSL
3858-VOBET,Month-to-month,Electronic check,Yes,74.95,Fiber optic
7020-OZKXZ,Month-to-month,Credit card (automatic),No,75.5,Fiber optic
3977-QCRSL,Month-to-month,Mailed check,No,20.15,No
0017-DINOC,Two year,Credit card (automatic),No,45.2,DSL
1447-PJGGA,Two year,Electronic check,Yes,95.25,Fiber optic
8565-CLBZW,Month-to-month,Mailed check,Yes,89.85,Fiber optic
9139-WQQDY,One year,Mailed check,No,100.45,Fiber optic
0224-HJAPT,Month-to-month,Electronic check,No,47.15,DSL
8086-OVPWV,Month-to-month,Electronic check,Yes,80.2,Fiber optic
9430-FRQOC,Month-to-month,Mailed check,Yes,87.1,Fiber optic
7639-OPLNG,Two year,Bank transfer (automatic),Yes,79.25,DSL
3074-GQWYX,Month-to-month,Bank transfer (automatic),Yes,75.9,Fiber optic
1492-QGCLU,Month-to-month,Electronic check,No,85.7,DSL
6845-RGTYS,Month-to-month,Electronic check,Yes,98.75,Fiber optic
7328-OWMOM,One year,Credit card (automatic),No,20.1,No
4418-LZMSV,Month-to-month,Bank transfer (automatic),No,61.8,DSL
5155-AZQPB,Month-to-month,Mailed check,No,49.9,DSL
8861-HGGKB,Month-to-month,Electronic check,No,86.45,Fiber optic
1087-GRUYI,Two year,Bank transfer (automatic),No,20.4,No
7065-YUNRY,Month-to-month,Mailed check,Yes,45.3,DSL
7694-VLBWQ,One year,Electronic check,No,104.1,Fiber optic
2546-KZAAT,One year,Mailed check,Yes,75.4,DSL
0181-RITDD,Two year,Mailed check,No,108.15,Fiber optic
5989-PGKJB,Month-to-month,Electronic check,Yes,86.25,Fiber optic
4795-KTRTH,Month-to-month,Electronic check,Yes,81.0,Fiber optic
8272-ONJLV,One year,Electronic check,No,95.7,Fiber optic
1488-PBLJN,Two year,Bank transfer (automatic),Yes,116.85,Fiber optic
0308-GIQJT,One year,Bank transfer (automatic),No,105.75,Fiber optic
3778-FOAQW,One year,Mailed check,No,20.15,No
4452-ROHMO,Two year,Mailed check,No,19.6,No
6481-OGDOO,One year,Credit card (automatic),Yes,90.6,Fiber optic
3090-LETTY,Month-to-month,Bank transfer (automatic),No,60.95,DSL
5349-AZPEW,Month-to-month,Mailed check,No,25.05,DSL
3753-TSEMP,Month-to-month,Electronic check,No,88.15,Fiber optic
8305-VHZBZ,Month-to-month,Mailed check,Yes,20.2,No
9720-JJJOR,One year,Bank transfer (automatic),Yes,60.3,DSL
8100-HZZLJ,Month-to-month,Electronic check,Yes,63.95,DSL
8775-ERLNB,Month-to-month,Electronic check,No,74.3,Fiber optic
8309-IEYJD,Month-to-month,Mailed check,Yes,70.6,Fiber optic
9172-JITSM,Month-to-month,Electronic check,Yes,90.8,Fiber optic
6298-QDFNH,Month-to-month,Electronic check,Yes,79.35,Fiber optic
7398-HPYZQ,Two year,Bank transfer (automatic),No,90.55,DSL
3546-GHEAE,Two year,Mailed check,No,19.45,No
7361-YPXFS,Month-to-month,Bank transfer (automatic),No,64.45,DSL
6557-BZXLQ,Month-to-month,Electronic check,No,69.65,Fiber optic
2550-QHZGP,One year,Mailed check,No,19.5,No
7519-JTWQH,Two year,Bank transfer (automatic),Yes,110.5,Fiber optic
2538-OIMXF,Month-to-month,Mailed check,No,24.7,DSL
8543-MSDMF,Month-to-month,Electronic check,Yes,77.4,DSL
9961-JBNMK,Month-to-month,Bank transfer (automatic),Yes,96.8,Fiber optic
1170-SASML,Month-to-month,Bank transfer (automatic),Yes,85.4,Fiber optic
4872-JCVCA,Two year,Bank transfer (automatic),Yes,47.6,DSL
5346-BZCHP,Two year,Mailed check,No,19.4,No
2038-LLMLM,Month-to-month,Electronic check,Yes,103.85,Fiber optic
6173-ITPWD,Month-to-month,Bank transfer (automatic),Yes,83.35,Fiber optic
9734-UYXQI,Month-to-month,Electronic check,Yes,49.4,DSL
1216-BGTSP,Month-to-month,Credit card (automatic),Yes,108.45,Fiber optic
4138-NAXED,Month-to-month,Bank transfer (automatic),No,81.0,Fiber optic
2189-UXTKY,Month-to-month,Electronic check,Yes,79.2,DSL
0744-BIKKF,Two year,Bank transfer (automatic),No,86.65,DSL
7483-IQWIB,Month-to-month,Electronic check,Yes,92.95,Fiber optic
5248-KWLAR,Two year,Electronic check,No,90.35,DSL
4958-GZWIY,Month-to-month,Electronic check,No,48.7,DSL
7996-MHXLW,Two year,Credit card (automatic),Yes,25.15,No
7833-PKIHD,One year,Bank transfer (automatic),Yes,76.4,DSL
7061-OVMIM,One year,Bank transfer (automatic),No,19.55,No
5153-RTHKF,Month-to-month,Electronic check,No,85.35,Fiber optic
1852-QSWCD,Two year,Mailed check,Yes,24.8,No
4832-VRBMR,One year,Bank transfer (automatic),Yes,103.15,Fiber optic
9079-LWTFD,Month-to-month,Mailed check,No,100.75,Fiber optic
6356-ELRKD,Month-to-month,Electronic check,Yes,95.6,Fiber optic
8624-GIOUT,Month-to-month,Credit card (automatic),Yes,59.75,DSL
3392-EHMNK,Two year,Credit card (automatic),No,94.1,Fiber optic
5986-WWXDV,One year,Bank transfer (automatic),No,19.35,No
3061-BCKYI,Month-to-month,Mailed check,No,19.9,No
6179-GJPSO,Month-to-month,Credit card (automatic),Yes,108.15,Fiber optic
7901-TBKJX,Month-to-month,Electronic check,Yes,101.05,Fiber optic
7228-PAQPD,One year,Credit card (automatic),No,59.1,DSL
3177-LASXD,Month-to-month,Electronic check,No,71.35,Fiber optic
7746-QYVCO,One year,Mailed check,Yes,55.85,DSL
5804-HYIEZ,Month-to-month,Electronic check,Yes,106.05,Fiber optic
9919-FZDED,Two year,Credit card (automatic),Yes,84.1,DSL
5934-TSSAU,Month-to-month,Credit card (automatic),Yes,75.3,Fiber optic
3486-KHMLI,Month-to-month,Mailed check,No,24.7,No
4897-QSUYC,Month-to-month,Mailed check,Yes,20.15,No
1084-UQCHV,Month-to-month,Bank transfer (automatic),No,69.75,Fiber optic
8290-YWKHZ,Month-to-month,Electronic check,Yes,93.2,Fiber optic
2955-BJZHG,Month-to-month,Electronic check,No,80.85,Fiber optic
3806-DXQOM,Month-to-month,Electronic check,Yes,33.65,DSL
6784-XYJAE,One year,Electronic check,No,55.8,DSL
3933-DQPWX,Two year,Credit card (automatic),No,39.7,DSL
6661-EIPZC,Month-to-month,Credit card (automatic),Yes,29.5,DSL
8957-THMOA,Two year,Credit card (automatic),No,20.15,No
2251-PYLPB,Two year,Credit card (automatic),No,79.55,DSL
5555-RNPGT,Month-to-month,Credit card (automatic),No,24.8,No
1057-FOGLZ,Month-to-month,Mailed check,No,19.65,No
9300-RENDD,Month-to-month,Electronic check,Yes,79.95,Fiber optic
0761-AETCS,Month-to-month,Electronic check,No,19.3,No
8087-LGYHQ,Month-to-month,Electronic check,Yes,94.05,Fiber optic
4137-BTIKL,Month-to-month,Mailed check,No,90.75,Fiber optic
2190-BCXEC,Month-to-month,Credit card (automatic),Yes,78.85,Fiber optic
6227-FBDXH,One year,Bank transfer (automatic),No,99.5,Fiber optic
2153-MREFK,One year,Electronic check,Yes,99.2,Fiber optic
2911-WDXMV,Month-to-month,Credit card (automatic),Yes,80.55,Fiber optic
7206-PQBBZ,Month-to-month,Electronic check,Yes,70.2,Fiber optic
3106-ULWFW,Month-to-month,Credit card (automatic),Yes,85.2,Fiber optic
0925-VYDLG,Month-to-month,Electronic check,No,75.25,Fiber optic
4547-FZJWE,One year,Credit card (automatic),No,59.45,DSL
7422-WNBTY,Month-to-month,Electronic check,Yes,93.35,Fiber optic
0842-IWYCP,Month-to-month,Bank transfer (automatic),No,44.95,DSL
3521-HTQTV,Two year,Bank transfer (automatic),No,26.1,No
3744-ZBHON,Month-to-month,Electronic check,No,20.2,No
3373-DIUUN,Two year,Mailed check,No,21.25,No
8383-SGHJU,One year,Electronic check,No,59.4,DSL
7607-QKKTJ,One year,Credit card (automatic),Yes,95.0,Fiber optic
7707-PYBBH,Month-to-month,Mailed check,Yes,61.9,DSL
8984-HPEMB,Two year,Electronic check,Yes,118.65,Fiber optic
4349-GFQHK,Month-to-month,Electronic check,No,54.35,DSL
4139-DETXS,Two year,Bank transfer (automatic),No,64.45,DSL
9779-DPNEJ,Month-to-month,Electronic check,Yes,80.15,Fiber optic
9805-FILKB,One year,Bank transfer (automatic),Yes,20.2,No
5793-YOLJN,Two year,Mailed check,No,21.0,No
0673-IGUQO,Month-to-month,Mailed check,No,20.45,No
4123-FCVCB,One year,Mailed check,Yes,75.85,DSL
8819-IMISP,Month-to-month,Electronic check,Yes,80.45,Fiber optic
7802-EFKNY,Month-to-month,Electronic check,Yes,24.95,DSL
8311-UEUAB,Two year,Electronic check,Yes,75.5,DSL
5858-EAFCZ,Month-to-month,Mailed check,No,44.45,DSL
8035-BUYVG,One year,Electronic check,Yes,42.35,DSL
1163-ONYEY,Month-to-month,Credit card (automatic),Yes,74.55,DSL
9787-XVQIU,Month-to-month,Electronic check,Yes,75.3,Fiber optic
8945-MUQUF,One year,Electronic check,Yes,94.8,Fiber optic
5656-MJEFC,Two year,Credit card (automatic),No,48.15,DSL
6082-OQFBA,One year,Mailed check,No,19.65,No
8051-HJRLT,Month-to-month,Electronic check,Yes,70.55,Fiber optic
8974-OVACP,Month-to-month,Mailed check,No,20.15,No
4010-YLMVT,Month-to-month,Credit card (automatic),Yes,106.6,Fiber optic
1379-FRVEB,Month-to-month,Electronic check,Yes,91.0,Fiber optic
8612-GXIDD,Two year,Bank transfer (automatic),Yes,25.4,No
6288-CHQJB,Two year,Bank transfer (automatic),No,69.95,DSL
8160-HOWOX,Month-to-month,Electronic check,Yes,66.85,DSL
3023-GFLBR,Month-to-month,Credit card (automatic),No,86.15,Fiber optic
6648-INWPS,Month-to-month,Electronic check,No,20.15,No
4223-BKEOR,One year,Mailed check,No,64.85,DSL
4079-VTGLK,Two year,Electronic check,No,74.85,DSL
1763-WQFUK,Month-to-month,Mailed check,Yes,50.5,DSL
1391-UBDAR,Month-to-month,Electronic check,No,72.9,Fiber optic
8894-JVDCV,One year,Credit card (automatic),Yes,115.05,Fiber optic
2023-VQFDL,Month-to-month,Electronic check,No,19.0,No
1345-GKDZZ,Month-to-month,Mailed check,No,19.55,No
2014-MKGMH,One year,Electronic check,Yes,101.1,Fiber optic
5628-FCGYG,Month-to-month,Electronic check,Yes,84.1,Fiber optic
2560-WBWXF,Two year,Bank transfer (automatic),Yes,24.15,No
0248-IPDFW,Month-to-month,Electronic check,Yes,50.1,DSL
7978-DKUQH,Month-to-month,Electronic check,Yes,74.6,Fiber optic
4335-UPJSI,Two year,Mailed check,No,19.75,No
0524-IAVZO,Month-to-month,Electronic check,Yes,85.0,Fiber optic
2737-YNGYW,Month-to-month,Electronic check,No,80.55,Fiber optic
1784-EZDKJ,One year,Bank transfer (automatic),Yes,106.8,Fiber optic
9297-FVVDH,Two year,Electronic check,Yes,84.5,DSL
8007-YYPWD,Two year,Bank transfer (automatic),No,25.05,No
7101-HRBLJ,Two year,Bank transfer (automatic),Yes,83.7,DSL
5159-YFPKQ,Month-to-month,Electronic check,Yes,75.8,Fiber optic
6635-CPNUN,Month-to-month,Credit card (automatic),No,96.6,Fiber optic
4021-RQSNY,Month-to-month,Electronic check,Yes,98.5,Fiber optic
5453-YBTWV,Two year,Credit card (automatic),Yes,101.1,Fiber optic
5039-LZRQT,One year,Mailed check,No,20.2,No
2931-VUVJN,One year,Electronic check,Yes,94.05,Fiber optic
9061-TIHDA,Month-to-month,Electronic check,Yes,95.25,Fiber optic
8699-ASUFO,Month-to-month,Mailed check,Yes,74.4,Fiber optic
6418-PIQSP,Two year,Mailed check,No,81.0,DSL
8220-OCUFY,One year,Electronic check,Yes,60.25,DSL
3995-WFCSM,Month-to-month,Electronic check,No,60.85,DSL
1895-QTKDO,Month-to-month,Credit card (automatic),No,43.95,DSL
2038-OEQZH,Month-to-month,Electronic check,No,86.05,Fiber optic
1178-PZGAB,One year,Credit card (automatic),No,20.25,No
7927-AUXBZ,Month-to-month,Electronic check,No,85.15,Fiber optic
2626-VEEWG,Two year,Credit card (automatic),Yes,19.4,No
2878-RMWXY,Two year,Credit card (automatic),Yes,102.65,Fiber optic
1657-DYMBM,Two year,Credit card (automatic),No,19.9,No
7311-MQJCH,One year,Electronic check,No,19.55,No
7375-WMVMT,Two year,Credit card (automatic),Yes,95.5,Fiber optic
1136-XGEQU,One year,Credit card (automatic),Yes,84.15,DSL
2530-FMFXO,Two year,Electronic check,Yes,103.2,Fiber optic
6844-DZKRF,Month-to-month,Credit card (automatic),Yes,50.2,DSL
4695-WJZUE,Month-to-month,Electronic check,Yes,88.55,Fiber optic
7619-ODSGN,Month-to-month,Electronic check,No,54.75,DSL
5970-GHJAW,Two year,Credit card (automatic),No,19.95,No
8879-XUAHX,Two year,Electronic check,Yes,116.25,Fiber optic
3689-MOZGR,Month-to-month,Electronic check,Yes,31.2,DSL
4195-PNGZS,Two year,Bank transfer (automatic),No,24.45,No
5003-XZWWO,Two year,Credit card (automatic),No,84.2,DSL
3988-RQIXO,Month-to-month,Electronic check,Yes,91.3,Fiber optic
7622-FWGEW,Two year,Bank transfer (automatic),Yes,85.65,DSL
6922-NCEDI,One year,Mailed check,Yes,21.2,No
2514-GINMM,Month-to-month,Electronic check,Yes,79.5,Fiber optic
9891-NQDBD,One year,Mailed check,No,25.55,No
6131-IUNXN,Month-to-month,Mailed check,No,20.2,No
8548-AWOFC,Month-to-month,Electronic check,No,63.85,DSL
9798-DRYDS,One year,Mailed check,Yes,61.95,DSL
8532-UEFWH,Two year,Mailed check,No,25.75,No
6296-DDOOR,One year,Electronic check,No,58.2,DSL
7951-VRDVK,One year,Bank transfer (automatic),No,85.85,DSL
5931-FLJJF,Month-to-month,Mailed check,Yes,70.1,Fiber optic
4815-YOSUK,One year,Credit card (automatic),Yes,104.9,Fiber optic
2659-VXMWZ,One year,Electronic check,Yes,111.3,Fiber optic
0380-NEAVX,One year,Electronic check,Yes,99.85,Fiber optic
3207-OYBWH,Month-to-month,Bank transfer (automatic),Yes,95.25,Fiber optic
4285-GYRQC,Month-to-month,Electronic check,Yes,86.25,Fiber optic
7216-EWTRS,Month-to-month,Electronic check,Yes,100.8,Fiber optic
4365-MSDYN,Month-to-month,Bank transfer (automatic),Yes,19.55,No
7036-TYDEC,Two year,Electronic check,No,104.0,Fiber optic
5802-ADBRC,One year,Mailed check,Yes,104.4,Fiber optic
8076-FEZKJ,One year,Mailed check,No,19.5,No
5197-YPYBZ,Two year,Credit card (automatic),No,25.25,No
8337-MSSXB,Month-to-month,Electronic check,Yes,86.3,Fiber optic
4312-GVYNH,Two year,Bank transfer (automatic),Yes,49.85,DSL
8495-LJDFO,Month-to-month,Bank transfer (automatic),Yes,108.95,Fiber optic
0839-JTCUD,Two year,Credit card (automatic),No,89.9,DSL
5494-WOZRZ,Two year,Credit card (automatic),Yes,82.0,DSL
1302-UHBDD,Month-to-month,Electronic check,No,89.95,Fiber optic
2234-EOFPT,Two year,Bank transfer (automatic),Yes,79.35,DSL
8619-IJNDK,Two year,Credit card (automatic),No,64.05,DSL
8378-LKJAF,Month-to-month,Credit card (automatic),Yes,101.15,Fiber optic
8182-BJDSI,Month-to-month,Electronic check,Yes,89.95,Fiber optic
2528-HFYZX,Month-to-month,Electronic check,Yes,76.45,Fiber optic
1153-GNOLC,One year,Electronic check,Yes,39.1,DSL
3298-QEICA,Two year,Mailed check,No,34.6,DSL
0788-DXBFY,One year,Electronic check,Yes,19.55,No
3597-YASZG,Two year,Bank transfer (automatic),Yes,104.45,Fiber optic
3496-LFSZU,Month-to-month,Electronic check,No,70.5,Fiber optic
5242-UOWHD,Two year,Mailed check,No,20.35,No
2482-CZGBB,Month-to-month,Electronic check,Yes,70.0,Fiber optic
6479-SZPLM,Two year,Credit card (automatic),No,19.45,No
8097-VBQTZ,Month-to-month,Mailed check,Yes,69.9,DSL
4500-HKANN,Two year,Mailed check,No,59.7,DSL
9917-KWRBE,One year,Credit card (automatic),Yes,78.35,DSL
3420-ZDBMA,Month-to-month,Mailed check,Yes,71.45,Fiber optic
2212-LYASK,One year,Credit card (automatic),Yes,45.85,DSL
1393-IMKZG,Month-to-month,Electronic check,Yes,95.85,Fiber optic
8069-RHUXK,Two year,Credit card (automatic),No,35.7,DSL
3398-GCPMU,Two year,Credit card (automatic),Yes,89.55,DSL
2908-WGAXL,Two year,Credit card (automatic),Yes,24.95,No
3378-AJRAO,One year,Electronic check,No,24.85,No
1013-QCWAM,Month-to-month,Electronic check,Yes,100.8,Fiber optic
0866-QLSIR,One year,Mailed check,Yes,64.4,DSL
6050-FFXES,Two year,Bank transfer (automatic),No,105.35,Fiber optic
7181-BQYBV,Month-to-month,Electronic check,Yes,102.45,Fiber optic
0362-RAOQO,Two year,Credit card (automatic),No,19.65,No
9554-DFKIC,Month-to-month,Bank transfer (automatic),Yes,54.45,DSL
5527-ACHSO,Month-to-month,Mailed check,No,70.5,DSL
0829-DDVLK,One year,Credit card (automatic),No,20.1,No
1399-UBQIU,Month-to-month,Electronic check,Yes,69.35,DSL
1813-JLKWR,One year,Bank transfer (automatic),No,19.8,No
0336-PIKEI,Two year,Bank transfer (automatic),No,74.4,DSL
7322-OCWHC,Two year,Bank transfer (automatic),Yes,93.05,Fiber optic
9537-VHDTA,Month-to-month,Mailed check,No,51.2,DSL
4957-TIALW,One year,Credit card (automatic),No,65.6,DSL
2054-PJOCK,One year,Credit card (automatic),No,80.55,DSL
9150-HEPMB,One year,Mailed check,No,52.7,DSL
9030-QGZNL,Two year,Mailed check,No,20.85,No
6204-IEUXJ,Month-to-month,Credit card (automatic),No,80.1,Fiber optic
3126-WQMGH,Month-to-month,Credit card (automatic),Yes,52.15,DSL
4529-CKBCL,Month-to-month,Electronic check,Yes,80.2,Fiber optic
2506-CLAKW,Month-to-month,Bank transfer (automatic),Yes,98.15,Fiber optic
7176-WRTNX,Two year,Bank transfer (automatic),Yes,114.95,Fiber optic
1583-IHQZE,Month-to-month,Mailed check,Yes,112.95,Fiber optic
5732-IKGQH,One year,Bank transfer (automatic),Yes,104.45,Fiber optic
9239-GZHZE,Two year,Credit card (automatic),Yes,113.65,Fiber optic
7205-BAIAD,Two year,Bank transfer (automatic),Yes,20.6,No
0151-ONTOV,Month-to-month,Mailed check,No,70.9,Fiber optic
4140-MUHUG,Month-to-month,Electronic check,Yes,86.85,Fiber optic
0093-EXYQL,Month-to-month,Electronic check,Yes,91.55,Fiber optic
8064-RAVOH,Month-to-month,Electronic check,Yes,49.85,DSL
0219-QAERP,One year,Credit card (automatic),No,19.8,No
0320-JDNQG,Month-to-month,Electronic check,Yes,99.85,Fiber optic
7180-PISOG,Month-to-month,Electronic check,Yes,74.5,Fiber optic
9168-INPSZ,Month-to-month,Electronic check,No,104.15,Fiber optic
3571-RFHAR,Month-to-month,Electronic check,Yes,109.15,Fiber optic
0015-UOCOJ,Month-to-month,Electronic check,Yes,48.2,DSL
5334-AFQJB,Two year,Credit card (automatic),Yes,25.1,No
2754-SDJRD,Month-to-month,Credit card (automatic),Yes,100.15,Fiber optic
9578-VRMNM,Month-to-month,Credit card (automatic),Yes,65.2,DSL
1587-FKLZB,Month-to-month,Credit card (automatic),Yes,99.5,Fiber optic
6140-QNRQQ,Month-to-month,Mailed check,Yes,71.55,Fiber optic
8963-JLGJT,Month-to-month,Mailed check,No,55.9,DSL
4307-KTUMW,Month-to-month,Electronic check,No,93.9,Fiber optic
1465-LNTLJ,Month-to-month,Credit card (automatic),Yes,64.4,DSL
5440-FLBQG,Two year,Bank transfer (automatic),Yes,108.4,Fiber optic
2135-DQWAQ,Month-to-month,Mailed check,Yes,85.3,Fiber optic
4056-QHXHZ,Two year,Mailed check,No,107.45,Fiber optic
7470-MCQTK,Month-to-month,Bank transfer (automatic),Yes,48.75,DSL
7488-MXJIV,Month-to-month,Electronic check,Yes,85.65,Fiber optic
7401-JIXNM,Two year,Credit card (automatic),No,91.3,DSL
9339-FIIJL,Two year,Bank transfer (automatic),No,85.95,DSL
2027-FECZV,Month-to-month,Electronic check,Yes,106.7,Fiber optic
2672-DZUOY,Month-to-month,Electronic check,Yes,25.15,DSL
4706-DGAHW,Month-to-month,Electronic check,No,45.2,DSL
3870-MQAMG,One year,Electronic check,No,110.35,Fiber optic
6670-MFRPK,Two year,Credit card (automatic),Yes,79.2,Fiber optic
6177-PEVRA,Two year,Credit card (automatic),No,55.5,DSL
4800-CZMPC,One year,Credit card (automatic),Yes,103.25,Fiber optic
4813-HQMGZ,Month-to-month,Electronic check,Yes,90.25,Fiber optic
7579-KKLOE,Two year,Mailed check,Yes,91.25,DSL
7377-DMMRI,Month-to-month,Electronic check,Yes,47.8,DSL
8402-EIVQS,One year,Credit card (automatic),Yes,100.9,Fiber optic
4947-DSMXK,Month-to-month,Bank transfer (automatic),Yes,97.7,Fiber optic
7245-NIIWQ,Month-to-month,Electronic check,Yes,69.85,Fiber optic
0002-ORFBO,One year,Mailed check,Yes,65.6,DSL
3324-OIRTO,One year,Bank transfer (automatic),Yes,104.65,Fiber optic
5414-OFQCB,Two year,Credit card (automatic),Yes,90.45,Fiber optic
4967-WPNCF,Two year,Bank transfer (automatic),Yes,63.7,DSL
8552-OBVRU,Month-to-month,Electronic check,Yes,104.5,Fiber optic
8499-BRXTD,One year,Mailed check,No,20.1,No
9154-QDGTH,One year,Credit card (automatic),Yes,104.3,Fiber optic
8197-BFWVU,Two year,Bank transfer (automatic),Yes,93.25,DSL
2577-GVSIL,One year,Bank transfer (automatic),Yes,73.45,DSL
9367-OIUXP,Month-to-month,Mailed check,No,20.7,No
6770-UAYGJ,Two year,Mailed check,No,25.25,No
6463-HHXJR,Two year,Bank transfer (automatic),No,100.5,Fiber optic
7928-VJYAB,Month-to-month,Electronic check,No,90.6,Fiber optic
1187-WILMM,Two year,Credit card (automatic),Yes,89.4,DSL
9776-OJUZI,Month-to-month,Bank transfer (automatic),Yes,95.45,Fiber optic
1306-RPWXZ,Two year,Credit card (automatic),No,20.45,No
8949-JTMAY,Month-to-month,Credit card (automatic),Yes,98.6,Fiber optic
2774-LVQUS,Month-to-month,Electronic check,Yes,83.05,Fiber optic
3097-PYWXL,Month-to-month,Electronic check,Yes,19.95,No
2266-SJNAT,One year,Credit card (automatic),No,109.15,Fiber optic
0869-PAPRP,Month-to-month,Credit card (automatic),Yes,85.7,Fiber optic
4238-JSSWH,Month-to-month,Bank transfer (automatic),No,102.05,Fiber optic
2972-YDYUW,One year,Electronic check,No,94.7,Fiber optic
1104-FEJAM,Month-to-month,Electronic check,No,64.4,DSL
2809-ILCYT,One year,Mailed check,Yes,26.8,No
5499-ECUTN,One year,Credit card (automatic),Yes,66.05,DSL
4981-FLTMF,Month-to-month,Bank transfer (automatic),No,65.2,DSL
9121-PHQSR,Month-to-month,Credit card (automatic),Yes,85.05,Fiber optic
3113-IWHLC,Month-to-month,Mailed check,Yes,55.8,DSL
3211-ILJTT,Month-to-month,Bank transfer (automatic),Yes,70.4,Fiber optic
4612-THJBS,One year,Bank transfer (automatic),Yes,104.75,Fiber optic
4277-BWBML,Two year,Bank transfer (automatic),No,19.95,No
4094-NSEDU,Month-to-month,Electronic check,Yes,94.25,Fiber optic
0234-TEVTT,One year,Credit card (automatic),No,45.0,DSL
4304-TSPVK,Two year,Bank transfer (automatic),No,114.9,Fiber optic
1552-AAGRX,Month-to-month,Bank transfer (automatic),No,106.4,Fiber optic
2637-FKFSY,Month-to-month,Mailed check,Yes,46.1,DSL
9796-MVYXX,Two year,Mailed check,No,39.7,DSL
7874-ECPQJ,Month-to-month,Bank transfer (automatic),Yes,20.05,No
0020-INWCK,Two year,Credit card (automatic),Yes,95.75,Fiber optic
7089-RKVSZ,One year,Mailed check,No,24.4,No
2683-JXWQQ,Month-to-month,Bank transfer (automatic),No,33.6,DSL
9548-ZMVTX,Two year,Bank transfer (automatic),No,90.45,Fiber optic
8739-XNIKG,Month-to-month,Electronic check,Yes,84.0,Fiber optic
9755-JHNMN,Two year,Bank transfer (automatic),No,67.4,DSL
3981-QSVQI,Month-to-month,Bank transfer (automatic),Yes,19.7,No
2789-HQBOU,Month-to-month,Electronic check,Yes,80.35,Fiber optic
9424-CMPOG,Two year,Mailed check,No,19.6,No
5067-WJEUN,Two year,Bank transfer (automatic),Yes,54.2,DSL
3450-WXOAT,Month-to-month,Credit card (automatic),Yes,45.2,DSL
9251-WNSOD,One year,Mailed check,No,75.1,DSL
6974-DAFLI,One year,Electronic check,No,19.7,No
2616-UUTFK,Month-to-month,Bank transfer (automatic),Yes,72.75,DSL
7064-JHXCE,Two year,Credit card (automatic),No,20.05,No
5103-MHMHY,Month-to-month,Mailed check,No,45.95,DSL
7989-AWGEH,Month-to-month,Electronic check,Yes,39.2,DSL
4373-VVHQL,Month-to-month,Electronic check,Yes,44.75,DSL
4559-UWIHT,Month-to-month,Electronic check,Yes,82.65,Fiber optic
7268-IGMFD,Month-to-month,Bank transfer (automatic),No,93.9,Fiber optic
1846-XWOQN,Month-to-month,Electronic check,Yes,70.15,Fiber optic
0235-KGSLC,Month-to-month,Credit card (automatic),Yes,85.55,Fiber optic
6650-BWFRT,Two year,Credit card (automatic),Yes,117.15,Fiber optic
9570-KYEUA,Two year,Credit card (automatic),No,99.25,Fiber optic
6993-YGFJV,Two year,Bank transfer (automatic),Yes,112.55,Fiber optic
2712-SYWAY,Month-to-month,Electronic check,Yes,25.7,No
0730-BGQGF,Two year,Credit card (automatic),No,90.3,DSL
5498-IBWPI,One year,Credit card (automatic),Yes,49.4,DSL
9101-NTIXF,Month-to-month,Mailed check,No,19.4,No
0013-SMEOE,Two year,Bank transfer (automatic),Yes,109.7,Fiber optic
9314-QDMDW,One year,Electronic check,Yes,61.25,DSL
9308-ANMVE,Month-to-month,Electronic check,Yes,55.3,DSL
2884-GBPFB,Month-to-month,Electronic check,Yes,70.3,Fiber optic
3757-NJYBX,Month-to-month,Bank transfer (automatic),No,106.35,Fiber optic
3413-DHLPB,Month-to-month,Bank transfer (automatic),Yes,103.75,Fiber optic
7649-PHJVR,One year,Mailed check,No,19.5,No
6114-TCFID,One year,Credit card (automatic),No,39.5,DSL
3787-TRIAL,Month-to-month,Electronic check,Yes,26.05,DSL
2573-GYRUU,Month-to-month,Credit card (automatic),Yes,91.05,Fiber optic
5156-UMKOW,Month-to-month,Mailed check,No,29.65,DSL
1247-QBVSH,Month-to-month,Mailed check,No,50.2,DSL
6734-GMPVK,Month-to-month,Electronic check,No,105.3,Fiber optic
9822-OAOVB,Month-to-month,Electronic check,Yes,55.45,DSL
6161-ERDGD,One year,Electronic check,No,85.45,DSL
1226-JZNKR,One year,Electronic check,No,19.8,No
7318-EIVKO,Month-to-month,Electronic check,Yes,59.25,DSL
3771-PZOBW,Month-to-month,Credit card (automatic),Yes,90.7,Fiber optic
5136-KCKGI,One year,Mailed check,Yes,103.7,Fiber optic
8231-BSWXX,One year,Credit card (automatic),Yes,79.05,Fiber optic
6486-LHTMA,One year,Electronic check,Yes,90.7,Fiber optic
4083-BFNYK,One year,Credit card (automatic),No,95.0,Fiber optic
3722-WPXTK,Month-to-month,Electronic check,Yes,88.35,Fiber optic
7389-KBFIT,Month-to-month,Mailed check,Yes,30.25,DSL
7176-WIONM,Month-to-month,Bank transfer (automatic),Yes,49.85,DSL
5141-ZUVBH,Month-to-month,Bank transfer (automatic),No,93.0,Fiber optic
1089-HDMKP,Month-to-month,Electronic check,Yes,54.55,DSL
7623-HKYRK,Month-to-month,Mailed check,No,19.7,No
0310-SUCIN,One year,Bank transfer (automatic),Yes,84.8,DSL
5197-PYEPU,One year,Credit card (automatic),Yes,94.45,Fiber optic
2929-ERCFZ,Month-to-month,Electronic check,Yes,94.2,Fiber optic
7548-SEPYI,Month-to-month,Electronic check,Yes,96.25,Fiber optic
8835-VSDSE,Month-to-month,Electronic check,Yes,70.7,Fiber optic
6619-RPLQZ,Two year,Mailed check,No,20.85,No
3275-RHRNE,One year,Credit card (automatic),Yes,60.0,DSL
3503-TYDAY,Month-to-month,Electronic check,No,80.45,Fiber optic
6901-GOGZG,Two year,Electronic check,Yes,84.95,DSL
1623-NLDOT,One year,Mailed check,No,33.55,DSL
7021-XSNYE,Two year,Credit card (automatic),No,49.65,DSL
9621-OUPYD,One year,Bank transfer (automatic),Yes,20.2,No
9898-KZQDZ,Month-to-month,Credit card (automatic),Yes,94.55,Fiber optic
8982-NHAVY,One year,Bank transfer (automatic),Yes,100.5,Fiber optic
4307-KWMXE,Month-to-month,Electronic check,No,35.75,DSL
0141-YEAYS,Month-to-month,Bank transfer (automatic),Yes,86.45,Fiber optic
2450-ZKEED,One year,Bank transfer (automatic),No,53.8,DSL
3694-DELSO,Month-to-month,Credit card (automatic),No,38.55,DSL
3893-JRNFS,Month-to-month,Bank transfer (automatic),Yes,39.9,DSL
9603-OAIHC,Month-to-month,Electronic check,Yes,70.05,Fiber optic
1133-KXCGE,One year,Mailed check,No,20.1,No
5236-PERKL,Two year,Bank transfer (automatic),Yes,112.95,Fiber optic
0142-GVYSN,Month-to-month,Electronic check,Yes,20.3,No
1049-FYSYG,Month-to-month,Credit card (automatic),Yes,35.65,DSL
7854-FOKSF,Month-to-month,Electronic check,No,35.9,DSL
2519-FAKOD,Month-to-month,Bank transfer (automatic),Yes,99.25,Fiber optic
8406-LNMHF,One year,Credit card (automatic),Yes,82.95,Fiber optic
1821-BUCWY,Two year,Mailed check,Yes,55.65,DSL
8263-JQAIK,Month-to-month,Mailed check,Yes,24.45,DSL
0023-UYUPN,One year,Electronic check,No,25.2,No
8314-DPQHL,One year,Mailed check,No,50.8,DSL
1465-WCZVT,Month-to-month,Mailed check,No,19.65,No
9481-SFCQY,Month-to-month,Credit card (automatic),Yes,59.8,DSL
6360-SVNWV,Month-to-month,Credit card (automatic),Yes,73.55,Fiber optic
0567-GGCAC,Month-to-month,Electronic check,No,61.4,DSL
7089-IVVAZ,Month-to-month,Bank transfer (automatic),Yes,103.35,Fiber optic
8884-MRNSU,One year,Bank transfer (automatic),No,19.9,No
2171-UDMFD,Month-to-month,Credit card (automatic),Yes,19.45,No
9050-IKDZA,Month-to-month,Mailed check,No,81.5,Fiber optic
2205-YMZZJ,Month-to-month,Electronic check,Yes,84.8,Fiber optic
9802-CAQUT,Two year,Credit card (automatic),No,109.55,Fiber optic
1254-IZEYF,Month-to-month,Electronic check,Yes,99.95,Fiber optic
0187-WZNAB,Month-to-month,Mailed check,No,74.4,Fiber optic
9492-TOKRI,Month-to-month,Credit card (automatic),Yes,90.0,Fiber optic
1475-VWVDO,Month-to-month,Electronic check,Yes,74.9,Fiber optic
9221-OTIVJ,Month-to-month,Electronic check,Yes,104.85,Fiber optic
1357-MVDOZ,Month-to-month,Bank transfer (automatic),Yes,59.65,DSL
7602-MVRMB,Two year,Bank transfer (automatic),Yes,110.45,Fiber optic
3325-FUYCG,One year,Electronic check,No,106.1,Fiber optic
5908-QMGOE,Month-to-month,Credit card (automatic),Yes,74.2,Fiber optic
1197-BVMVG,Month-to-month,Electronic check,Yes,74.45,Fiber optic
5406-KGRMX,Two year,Electronic check,No,24.55,No
8481-YYXWG,Month-to-month,Electronic check,Yes,89.35,Fiber optic
5968-HYJRZ,Two year,Mailed check,No,24.55,No
5198-EFNBM,One year,Electronic check,Yes,90.65,Fiber optic
7516-GMHUV,Two year,Credit card (automatic),Yes,105.05,Fiber optic
7140-ADSMJ,Month-to-month,Credit card (automatic),Yes,20.45,No
2230-XTUWL,Two year,Mailed check,No,19.55,No
7706-YLMQA,One year,Bank transfer (automatic),No,19.7,No
2585-KTFRE,Month-to-month,Bank transfer (automatic),Yes,70.45,DSL
7994-UYIVZ,Month-to-month,Bank transfer (automatic),Yes,85.65,Fiber optic
2609-IAICY,Month-to-month,Electronic check,Yes,77.15,Fiber optic
1740-CSDJP,Month-to-month,Bank transfer (automatic),Yes,35.25,DSL
7717-BICXI,Two year,Mailed check,No,20.55,No
6559-RAKOZ,One year,Electronic check,Yes,97.95,Fiber optic
2636-OHFMN,Month-to-month,Electronic check,Yes,48.55,DSL
4716-MRVEN,One year,Mailed check,No,20.0,No
2143-LJULT,Two year,Credit card (automatic),Yes,25.25,No
1323-OOEPC,Month-to-month,Credit card (automatic),Yes,98.4,Fiber optic
3200-MNQTF,Two year,Credit card (automatic),No,70.9,DSL
6164-HXUGH,Month-to-month,Mailed check,No,19.85,No
5630-IXDXV,Month-to-month,Electronic check,Yes,106.35,Fiber optic
0320-DWVTU,Two year,Mailed check,No,99.5,Fiber optic
9135-MGVPY,Two year,Mailed check,Yes,84.7,DSL
1212-GLHMD,Month-to-month,Mailed check,Yes,86.05,Fiber optic
7878-JGDKK,Month-to-month,Mailed check,No,44.55,DSL
1088-AUUZZ,Two year,Credit card (automatic),Yes,75.85,DSL
0397-GZBBC,Month-to-month,Bank transfer (automatic),Yes,93.85,Fiber optic
6614-YWYSC,Two year,Bank transfer (automatic),No,25.0,No
9588-OZDMQ,Month-to-month,Electronic check,Yes,45.0,DSL
7641-EUYET,Month-to-month,Electronic check,Yes,100.7,Fiber optic
6476-EPYZR,Month-to-month,Mailed check,No,20.5,No
9921-ZVRHG,Month-to-month,Electronic check,Yes,80.45,Fiber optic
1174-FGIFN,One year,Electronic check,Yes,90.45,Fiber optic
6620-HVDUJ,Month-to-month,Bank transfer (automatic),No,60.45,DSL
4701-MLJPN,Month-to-month,Electronic check,Yes,55.25,DSL
1032-MAELW,One year,Electronic check,Yes,78.45,DSL
7641-TQFHN,Two year,Mailed check,No,100.55,Fiber optic
1552-TKMXS,Month-to-month,Credit card (automatic),No,20.35,No
9206-GVPEQ,Month-to-month,Electronic check,Yes,54.45,DSL
8622-ZLFKO,Month-to-month,Electronic check,Yes,90.75,Fiber optic
1596-BBVTG,Month-to-month,Credit card (automatic),No,75.35,Fiber optic
6188-UXBBR,One year,Credit card (automatic),Yes,20.25,No
2333-KWEWW,Two year,Credit card (automatic),No,20.05,No
5702-SKUOB,Month-to-month,Mailed check,No,19.6,No
1134-YWTYF,Month-to-month,Electronic check,Yes,53.8,DSL
6061-GWWAV,One year,Mailed check,No,70.2,DSL
0679-TDGAK,One year,Electronic check,No,75.5,DSL
6585-WCEWR,Two year,Electronic check,No,20.35,No
9067-YGSCA,One year,Credit card (automatic),No,26.05,No
9067-SQTNS,One year,Bank transfer (automatic),No,20.6,No
8433-WXGNA,Month-to-month,Electronic check,Yes,75.7,Fiber optic
1776-SPBWV,One year,Bank transfer (automatic),Yes,20.1,No
8735-SDUFN,Two year,Bank transfer (automatic),No,24.3,No
9668-PUGNU,Two year,Electronic check,Yes,24.5,No
9405-GPBBG,Two year,Credit card (automatic),Yes,110.5,Fiber optic
1926-QUZNN,Two year,Bank transfer (automatic),Yes,25.25,No
3707-GNWHM,Month-to-month,Mailed check,Yes,74.25,Fiber optic
7016-NVRIC,One year,Bank transfer (automatic),No,90.1,Fiber optic
5829-NVSQN,One year,Bank transfer (automatic),Yes,68.75,DSL
9565-AXSMR,Two year,Mailed check,No,19.2,No
8922-LIEGH,Month-to-month,Electronic check,Yes,89.7,Fiber optic
8869-LIHMK,Two year,Bank transfer (automatic),Yes,115.1,Fiber optic
8245-UMPYT,Month-to-month,Electronic check,Yes,96.4,Fiber optic
5186-SAMNZ,Month-to-month,Bank transfer (automatic),Yes,69.5,Fiber optic
0447-RXSGD,Month-to-month,Bank transfer (automatic),Yes,99.65,Fiber optic
4927-WWOOZ,Month-to-month,Electronic check,Yes,91.45,Fiber optic
5788-YPOEG,Two year,Mailed check,No,84.75,DSL
5373-SFODM,Month-to-month,Credit card (automatic),Yes,85.25,Fiber optic
0661-KBKPA,One year,Mailed check,Yes,78.75,DSL
9081-WWXKP,Two year,Credit card (automatic),No,20.25,No
0784-ZQJZX,Two year,Credit card (automatic),No,19.9,No
3133-PZNSR,Two year,Credit card (automatic),Yes,97.75,Fiber optic
5766-ZJYBB,Month-to-month,Mailed check,No,19.4,No
8931-GJJIQ,Month-to-month,Electronic check,Yes,83.3,Fiber optic
4277-PVRAN,Month-to-month,Bank transfer (automatic),Yes,80.1,Fiber optic
0022-TCJCI,One year,Credit card (automatic),No,62.7,DSL
0722-SVSFK,Month-to-month,Electronic check,Yes,100.4,Fiber optic
3612-YVGSJ,Two year,Credit card (automatic),Yes,24.45,No
9825-YCXWZ,One year,Bank transfer (automatic),Yes,101.1,Fiber optic
5397-NSKQG,Two year,Credit card (automatic),No,50.9,DSL
8565-HBFNN,One year,Credit card (automatic),Yes,107.2,Fiber optic
2000-DHJUY,Two year,Bank transfer (automatic),Yes,92.2,DSL
0203-HHYIJ,One year,Bank transfer (automatic),No,25.3,No
8670-ERCJH,Two year,Bank transfer (automatic),No,113.4,Fiber optic
7758-UJWYS,Two year,Electronic check,Yes,40.55,DSL
2050-ONYDQ,Two year,Credit card (automatic),No,26.0,No
7055-JCGNI,Two year,Credit card (automatic),Yes,111.95,Fiber optic
0739-UUAJR,Two year,Credit card (automatic),Yes,53.8,DSL
4826-DXMUP,One year,Mailed check,Yes,72.1,DSL
0952-KMEEH,Month-to-month,Mailed check,No,98.15,Fiber optic
7285-KLOTR,One year,Electronic check,No,78.85,DSL
0654-PQKDW,One year,Bank transfer (automatic),Yes,70.75,DSL
7175-NTIXE,Month-to-month,Credit card (automatic),Yes,76.15,DSL
7963-SHNDT,Two year,Mailed check,No,39.1,DSL
9796-BPKIW,Month-to-month,Credit card (automatic),Yes,69.95,Fiber optic
0188-GWFLE,Month-to-month,Mailed check,No,20.05,No
8129-GMVGI,Two year,Mailed check,No,20.05,No
2882-DDZPG,Month-to-month,Bank transfer (automatic),No,19.45,No
3547-LQRIK,One year,Electronic check,No,26.9,No
9137-NOQKA,Month-to-month,Electronic check,No,19.2,No
5843-TTHGI,Month-to-month,Mailed check,Yes,50.0,DSL
1849-RJYIG,Month-to-month,Electronic check,Yes,60.0,DSL
8868-GAGIO,Month-to-month,Mailed check,Yes,84.55,Fiber optic
4061-UKJWL,Month-to-month,Mailed check,No,45.45,DSL
5380-XPJNZ,One year,Mailed check,No,20.05,No
8263-QMNTJ,Two year,Electronic check,Yes,115.55,Fiber optic
8178-EYZUO,Month-to-month,Electronic check,Yes,93.7,Fiber optic
3230-JCNZS,Two year,Credit card (automatic),Yes,99.0,Fiber optic
0277-ORXQS,Two year,Bank transfer (automatic),No,50.55,DSL
5130-IEKQT,Month-to-month,Mailed check,No,105.95,Fiber optic
3230-WYKIR,One year,Credit card (automatic),Yes,82.0,DSL
7996-BPXHY,Two year,Bank transfer (automatic),Yes,25.0,No
3227-WLKLI,Two year,Bank transfer (automatic),No,91.55,DSL
0407-BDJKB,Month-to-month,Electronic check,Yes,95.75,Fiber optic
2266-FUBDZ,Two year,Mailed check,No,19.35,No
8237-ULIXL,Two year,Credit card (automatic),No,24.85,No
9600-UDOPK,Month-to-month,Credit card (automatic),Yes,94.05,Fiber optic
8216-AZUUZ,Two year,Electronic check,Yes,100.4,Fiber optic
9153-BTBVV,Two year,Bank transfer (automatic),No,25.0,No
4074-SJFFA,Month-to-month,Mailed check,Yes,54.75,DSL
3269-ATYWD,Month-to-month,Bank transfer (automatic),Yes,95.65,Fiber optic
5186-PEIZU,Month-to-month,Bank transfer (automatic),No,19.25,No
1074-AMIOH,Month-to-month,Bank transfer (automatic),Yes,108.25,Fiber optic
4910-GMJOT,Month-to-month,Electronic check,Yes,94.6,Fiber optic
0354-WYROK,Month-to-month,Electronic check,Yes,98.9,Fiber optic
4361-FEBGN,Two year,Credit card (automatic),No,20.15,No
7748-UMTRK,Month-to-month,Electronic check,Yes,101.3,Fiber optic
0380-ZCSBI,Month-to-month,Credit card (automatic),No,20.0,No
7145-FEJWU,Month-to-month,Electronic check,Yes,105.3,Fiber optic
6463-MVYRY,Two year,Bank transfer (automatic),No,69.85,DSL
3969-JQABI,Month-to-month,Credit card (automatic),Yes,65.25,DSL
9624-EGDEQ,Two year,Mailed check,No,19.8,No
1051-EQPZR,Month-to-month,Mailed check,No,19.6,No
5849-ASHZJ,One year,Credit card (automatic),No,20.05,No
5780-INQIK,Month-to-month,Electronic check,No,49.4,DSL
7576-OYWBN,Month-to-month,Electronic check,Yes,76.05,Fiber optic
4526-ZJJTM,Month-to-month,Bank transfer (automatic),No,88.4,Fiber optic
8384-FZBJK,Month-to-month,Electronic check,Yes,100.6,Fiber optic
3750-RNQKR,Month-to-month,Mailed check,No,19.45,No
0962-CQPWQ,Two year,Bank transfer (automatic),No,20.3,No
3096-YXENJ,Two year,Bank transfer (automatic),Yes,107.65,Fiber optic
1265-BCFEO,Two year,Bank transfer (automatic),Yes,80.45,DSL
5837-LXSDN,One year,Credit card (automatic),Yes,58.85,DSL
5945-AZYHT,One year,Electronic check,Yes,109.6,Fiber optic
8325-QRPZR,Month-to-month,Electronic check,Yes,75.15,Fiber optic
6384-VMJHP,Two year,Credit card (automatic),Yes,73.0,DSL
2262-SLNVK,Month-to-month,Electronic check,No,70.1,Fiber optic
7730-CLDSV,Two year,Bank transfer (automatic),Yes,98.65,Fiber optic
1135-HIORI,One year,Electronic check,Yes,111.45,Fiber optic
0164-APGRB,Two year,Electronic check,Yes,114.9,Fiber optic
6481-ESCNL,Month-to-month,Bank transfer (automatic),No,100.55,Fiber optic
1790-NESIO,Two year,Mailed check,Yes,20.4,No
1550-EENBN,Month-to-month,Electronic check,No,104.35,Fiber optic
5539-TMZLF,Month-to-month,Electronic check,Yes,69.75,Fiber optic
4323-SADQS,Month-to-month,Electronic check,Yes,34.5,DSL
4446-BZKHU,Month-to-month,Electronic check,Yes,105.55,Fiber optic
5202-IVJNU,Month-to-month,Credit card (automatic),No,30.1,DSL
5976-JCJRH,Month-to-month,Electronic check,Yes,70.3,Fiber optic
8198-RKSZG,Month-to-month,Credit card (automatic),No,80.45,DSL
0137-OCGAB,Month-to-month,Mailed check,Yes,80.2,Fiber optic
3351-NQLDI,One year,Credit card (automatic),Yes,94.35,Fiber optic
9297-EONCV,Two year,Bank transfer (automatic),Yes,91.35,DSL
7593-JNWRU,Month-to-month,Bank transfer (automatic),Yes,44.6,DSL
4588-YBNIB,Month-to-month,Mailed check,Yes,19.6,No
1069-QJOEE,One year,Electronic check,No,19.9,No
3336-JORSO,Month-to-month,Electronic check,Yes,110.45,Fiber optic
7799-DSEWS,Month-to-month,Electronic check,Yes,68.35,DSL
8766-PAFNE,Two year,Credit card (automatic),Yes,79.1,DSL
5315-CKEQK,One year,Electronic check,Yes,51.0,DSL
3130-ICDUP,Month-to-month,Credit card (automatic),No,80.55,Fiber optic
0820-FNRNX,Month-to-month,Mailed check,Yes,66.7,DSL
0880-FVFWF,Month-to-month,Electronic check,Yes,86.4,Fiber optic
4611-ANLQC,One year,Electronic check,No,50.05,DSL
4213-HKBJO,Two year,Credit card (automatic),No,25.7,No
2792-LSHWX,Month-to-month,Mailed check,Yes,83.4,Fiber optic
5028-GZLDO,Month-to-month,Credit card (automatic),No,70.7,Fiber optic
0014-BMAQU,Two year,Credit card (automatic),Yes,84.65,Fiber optic
6861-XWTWQ,Month-to-month,Electronic check,Yes,99.25,Fiber optic
9018-PCIOK,Two year,Mailed check,Yes,64.75,DSL
4837-QUSFT,One year,Bank transfer (automatic),Yes,100.15,Fiber optic
6877-TJMBR,Month-to-month,Electronic check,Yes,84.8,Fiber optic
9953-ZMKSM,Two year,Mailed check,No,25.25,No
0907-HQNTS,Two year,Credit card (automatic),Yes,113.0,Fiber optic
7665-NKLAV,Two year,Credit card (automatic),No,40.65,DSL
6769-DCQLI,One year,Bank transfer (automatic),Yes,105.0,Fiber optic
2433-KMEAS,Month-to-month,Electronic check,Yes,54.45,DSL
4391-LNRXK,Month-to-month,Bank transfer (automatic),Yes,94.95,Fiber optic
8250-ZNGGW,Month-to-month,Credit card (automatic),No,59.9,DSL
2195-ZRVAX,Month-to-month,Electronic check,Yes,85.3,Fiber optic
3550-SAHFP,Month-to-month,Electronic check,Yes,83.35,Fiber optic
2011-TRQYE,Month-to-month,Credit card (automatic),Yes,33.5,DSL
8562-GHPPI,Month-to-month,Credit card (automatic),No,19.8,No
5893-PYOLZ,Two year,Credit card (automatic),Yes,81.8,DSL
4986-MXSFP,Month-to-month,Mailed check,Yes,20.0,No
6131-FOYAS,Month-to-month,Electronic check,Yes,59.6,DSL
3027-YNWZU,Two year,Credit card (automatic),No,25.0,No
5609-IMCGG,Month-to-month,Credit card (automatic),Yes,84.35,Fiber optic
4873-ILOLJ,Month-to-month,Electronic check,Yes,90.35,Fiber optic
4727-MCYZG,Month-to-month,Mailed check,No,55.55,DSL
9481-WHGWY,Two year,Credit card (automatic),No,75.35,DSL
2725-KXXWT,Month-to-month,Electronic check,Yes,90.75,Fiber optic
9565-DJPIB,Month-to-month,Mailed check,No,89.6,Fiber optic
4328-VUFWD,One year,Electronic check,No,59.3,DSL
3301-LSLWQ,Month-to-month,Electronic check,Yes,66.1,DSL
7473-ZBDSN,Two year,Mailed check,No,18.8,No
3166-PNEOF,Two year,Credit card (automatic),No,86.45,DSL
5639-NTUPK,Month-to-month,Credit card (automatic),Yes,52.1,DSL
8780-YRMTT,Two year,Mailed check,Yes,47.4,DSL
8348-HFYIV,Month-to-month,Electronic check,Yes,49.25,DSL
5140-FOMCQ,One year,Credit card (automatic),Yes,109.15,Fiber optic
6242-SGYTS,One year,Credit card (automatic),Yes,94.95,Fiber optic
8166-ORCHU,One year,Electronic check,Yes,93.55,Fiber optic
8414-OOEEL,Two year,Credit card (automatic),Yes,79.5,DSL
8454-AATJP,Two year,Credit card (automatic),No,115.05,Fiber optic
6849-WLEYG,Month-to-month,Mailed check,No,19.75,No
4659-NZRUF,Month-to-month,Electronic check,Yes,95.15,Fiber optic
4531-AUZNK,One year,Mailed check,Yes,95.15,Fiber optic
4191-XOVOM,Month-to-month,Electronic check,No,105.4,Fiber optic
2150-OEGBV,One year,Bank transfer (automatic),No,20.1,No
8429-XIBUM,Month-to-month,Bank transfer (automatic),Yes,101.35,Fiber optic
1855-CFULU,Month-to-month,Mailed check,No,20.05,No
4878-BUNFV,Two year,Mailed check,No,20.7,No
1872-EBWSC,One year,Mailed check,No,20.35,No
2608-BHKFN,Month-to-month,Credit card (automatic),Yes,70.05,Fiber optic
7026-YMSBE,One year,Mailed check,No,19.7,No
7341-LXCAF,Month-to-month,Electronic check,Yes,74.65,Fiber optic
6997-UVGOX,Two year,Bank transfer (automatic),No,85.45,DSL
9674-EHPPG,Two year,Credit card (automatic),No,40.4,DSL
9462-MJUAW,Month-to-month,Mailed check,No,50.4,DSL
8128-YVJRG,Month-to-month,Mailed check,Yes,79.65,Fiber optic
5440-VHLUL,One year,Bank transfer (automatic),Yes,105.2,Fiber optic
5781-BKHOP,Two year,Bank transfer (automatic),No,100.65,Fiber optic
4283-FUTGF,Month-to-month,Electronic check,Yes,79.85,Fiber optic
5213-TWWJU,Month-to-month,Electronic check,No,91.0,Fiber optic
1569-TTNYJ,Month-to-month,Electronic check,Yes,78.75,Fiber optic
8628-MFKAX,Two year,Credit card (automatic),Yes,116.75,Fiber optic
2397-BRLOM,Month-to-month,Credit card (automatic),Yes,80.45,Fiber optic
7629-WIXZF,One year,Electronic check,Yes,59.1,DSL
5445-GLVOT,Month-to-month,Electronic check,Yes,49.8,DSL
3976-HXHCE,Two year,Bank transfer (automatic),No,19.3,No
2466-NEJOJ,Month-to-month,Credit card (automatic),No,19.65,No
0254-KCJGT,One year,Credit card (automatic),Yes,81.4,DSL
5472-CVMDX,Two year,Mailed check,No,38.9,DSL
6461-SZMCV,Two year,Bank transfer (automatic),No,87.95,DSL
8150-QUDFX,Month-to-month,Mailed check,No,19.85,No
9508-ILZDG,Month-to-month,Electronic check,Yes,96.35,Fiber optic
2346-DJQTB,Month-to-month,Electronic check,No,24.15,DSL
1697-LYYYX,One year,Credit card (automatic),No,19.1,No
1942-OQFRW,Month-to-month,Electronic check,No,44.0,DSL
4749-VFKVB,Month-to-month,Mailed check,Yes,50.1,DSL
9640-ZSLDC,One year,Credit card (automatic),No,60.6,DSL
4231-LZUYM,Two year,Bank transfer (automatic),No,25.65,No
7598-UAASY,Month-to-month,Electronic check,No,76.4,Fiber optic
7938-OUHIO,Month-to-month,Electronic check,Yes,98.7,Fiber optic
8510-AWCXC,Month-to-month,Electronic check,Yes,100.8,Fiber optic
6128-AQBMT,Month-to-month,Electronic check,Yes,53.95,DSL
3594-BDSOA,One year,Credit card (automatic),No,20.4,No
0431-APWVY,One year,Bank transfer (automatic),Yes,90.1,Fiber optic
5133-VRSAB,Month-to-month,Mailed check,No,29.35,DSL
5996-DAOQL,Month-to-month,Mailed check,Yes,20.45,No
6838-YAUVY,Two year,Bank transfer (automatic),Yes,95.1,Fiber optic
0484-JPBRU,Month-to-month,Bank transfer (automatic),Yes,25.25,No
7883-ROJOC,Month-to-month,Mailed check,No,44.9,DSL
0244-LGNFY,Two year,Bank transfer (automatic),No,92.65,DSL
7274-CGTOD,Two year,Bank transfer (automatic),Yes,43.7,DSL
4295-YURET,Two year,Credit card (automatic),Yes,72.6,DSL
3426-NIYYL,Month-to-month,Electronic check,No,51.55,DSL
8225-BTJAU,Month-to-month,Electronic check,Yes,79.25,Fiber optic
4635-EJYPD,Two year,Mailed check,No,18.95,No
1866-ZSLJM,Month-to-month,Credit card (automatic),No,20.5,No
4636-TVXVG,One year,Bank transfer (automatic),No,19.95,No
4236-UJPWO,Month-to-month,Electronic check,No,24.5,DSL
9392-XBGTD,Two year,Mailed check,No,20.6,No
3387-VATUS,Month-to-month,Bank transfer (automatic),Yes,94.85,Fiber optic
6402-SSEJG,One year,Electronic check,No,61.05,DSL
1143-NMNQJ,Month-to-month,Electronic check,Yes,85.7,Fiber optic
1169-SAOCL,One year,Bank transfer (automatic),Yes,106.65,Fiber optic
1110-KYLGQ,Month-to-month,Credit card (automatic),No,108.25,Fiber optic
9929-PLVPA,Month-to-month,Credit card (automatic),No,20.4,No
3518-PZXZQ,Month-to-month,Mailed check,Yes,55.3,DSL
2371-JUNGC,Month-to-month,Mailed check,No,20.25,No
7693-QPEFS,Month-to-month,Bank transfer (automatic),Yes,72.95,Fiber optic
0924-BJCRC,Month-to-month,Electronic check,No,89.45,Fiber optic
5074-FBGHB,One year,Credit card (automatic),Yes,104.65,Fiber optic
2351-BKRZW,Two year,Bank transfer (automatic),No,75.2,DSL
4455-BFSPD,One year,Bank transfer (automatic),No,101.15,Fiber optic
0415-MOSGF,Month-to-month,Mailed check,No,44.4,DSL
1724-BQUHA,Month-to-month,Electronic check,Yes,89.5,Fiber optic
3948-KXDUF,Two year,Bank transfer (automatic),No,68.75,DSL
2323-ARSVR,Two year,Electronic check,Yes,111.05,Fiber optic
0815-MFZGM,Two year,Credit card (automatic),Yes,99.0,Fiber optic
4826-XTSOH,Month-to-month,Electronic check,Yes,86.05,Fiber optic
5480-XTFFL,Two year,Mailed check,No,21.0,No
8295-FHIVV,Month-to-month,Mailed check,Yes,19.4,No
2495-INZWQ,Month-to-month,Electronic check,Yes,44.55,DSL
9086-YJYXS,One year,Bank transfer (automatic),No,77.2,DSL
1179-INLAT,One year,Mailed check,Yes,19.45,No
7909-FIOIY,Month-to-month,Mailed check,Yes,24.85,DSL
4139-SUGLD,Month-to-month,Bank transfer (automatic),No,35.4,DSL
6857-VWJDT,Month-to-month,Mailed check,No,95.65,Fiber optic
6351-SCJKT,Month-to-month,Mailed check,No,41.35,DSL
5468-BPMMO,Month-to-month,Electronic check,No,19.6,No
5624-BQSSA,Month-to-month,Mailed check,No,20.95,No
0197-PNKNK,One year,Bank transfer (automatic),No,84.45,Fiber optic
2439-QKJUL,Month-to-month,Mailed check,No,20.25,No
1194-SPVSP,Month-to-month,Bank transfer (automatic),No,19.65,No
9534-NSXEM,One year,Credit card (automatic),Yes,20.65,No
2408-WITXK,Month-to-month,Electronic check,Yes,34.7,DSL
8929-KSWIH,Two year,Bank transfer (automatic),No,99.3,Fiber optic
2250-IVBWA,Month-to-month,Electronic check,No,81.05,Fiber optic
1810-MVMAI,Month-to-month,Electronic check,No,67.6,DSL
9506-UXUSK,Month-to-month,Electronic check,Yes,70.15,Fiber optic
1229-RCALF,One year,Electronic check,Yes,115.0,Fiber optic
3572-UOLYZ,Month-to-month,Bank transfer (automatic),Yes,84.8,Fiber optic
1429-UYJSV,One year,Mailed check,No,19.7,No
5577-OTWWW,Month-to-month,Bank transfer (automatic),No,19.75,No
6100-QQHEB,Month-to-month,Electronic check,Yes,92.55,Fiber optic
6366-XIVKZ,Month-to-month,Mailed check,Yes,63.15,DSL
3470-OBUET,Two year,Credit card (automatic),No,74.0,DSL
2770-NSVDG,Month-to-month,Electronic check,No,29.1,DSL
9375-MHRRS,Month-to-month,Mailed check,No,50.05,DSL
2634-HCZGT,One year,Electronic check,Yes,60.05,DSL
7503-QQRVF,Month-to-month,Credit card (automatic),Yes,74.3,Fiber optic
4860-YZGZM,Month-to-month,Electronic check,No,20.0,No
6599-GZWCM,One year,Mailed check,Yes,74.65,Fiber optic
2691-NZETQ,Month-to-month,Electronic check,Yes,85.35,Fiber optic
4404-HIBDJ,One year,Mailed check,No,74.3,DSL
5533-NHFRF,Month-to-month,Electronic check,Yes,44.4,DSL
7037-MTYVW,Two year,Bank transfer (automatic),Yes,85.4,DSL
4760-THGOT,Month-to-month,Electronic check,Yes,94.1,Fiber optic
7295-JOMMD,Month-to-month,Bank transfer (automatic),Yes,98.1,Fiber optic
4016-BJKTZ,Two year,Electronic check,No,108.9,Fiber optic
6584-VQMYT,One year,Mailed check,No,56.2,DSL
9838-BFCQT,Two year,Mailed check,No,26.1,No
2790-XUYMV,One year,Credit card (automatic),Yes,85.45,Fiber optic
0581-MDMPW,Month-to-month,Credit card (automatic),Yes,88.95,Fiber optic
5013-SBUIH,Two year,Electronic check,Yes,109.65,Fiber optic
1023-BQXZE,Two year,Bank transfer (automatic),Yes,74.35,DSL
9163-GHAYE,Month-to-month,Electronic check,No,48.85,DSL
3904-UKFRE,Month-to-month,Electronic check,Yes,80.1,Fiber optic
5353-WILCI,Month-to-month,Electronic check,No,56.05,DSL
0709-TVGUR,Month-to-month,Electronic check,Yes,74.55,Fiber optic
0058-EVZWM,Month-to-month,Bank transfer (automatic),Yes,89.8,Fiber optic
6023-YEBUP,Month-to-month,Electronic check,Yes,100.95,Fiber optic
7209-JCUDS,Month-to-month,Electronic check,Yes,94.9,Fiber optic
7009-PCARS,One year,Bank transfer (automatic),No,19.1,No
0519-DRGTI,Month-to-month,Mailed check,No,20.35,No
1017-FBQMM,One year,Credit card (automatic),Yes,106.05,Fiber optic
3001-CBHLQ,Month-to-month,Electronic check,Yes,104.9,Fiber optic
1985-MBRYP,Two year,Bank transfer (automatic),Yes,19.65,No
6158-DWPZT,One year,Bank transfer (automatic),No,24.1,DSL
9372-TXXPS,Two year,Bank transfer (automatic),No,59.85,DSL
3259-QMXUN,Two year,Electronic check,Yes,86.1,DSL
1015-JPFYW,One year,Mailed check,No,19.45,No
6645-MXQJT,Month-to-month,Electronic check,No,97.1,Fiber optic
4360-QRAVE,Month-to-month,Electronic check,No,36.65,DSL
8433-WPJTV,One year,Bank transfer (automatic),Yes,103.9,Fiber optic
5804-JMYIO,Two year,Mailed check,No,19.75,No
3763-GCZHZ,One year,Electronic check,Yes,104.05,Fiber optic
6484-LATFU,Two year,Mailed check,No,24.55,No
7599-NTMDP,Two year,Bank transfer (automatic),No,48.7,DSL
0772-GYEQQ,Month-to-month,Mailed check,Yes,88.35,Fiber optic
0536-ACXIP,Two year,Electronic check,Yes,109.55,Fiber optic
0936-NQLJU,Two year,Credit card (automatic),No,20.65,No
4831-EOBFE,Month-to-month,Credit card (automatic),No,94.65,Fiber optic
1575-KRZZE,Month-to-month,Electronic check,No,55.2,DSL
3251-YMVWZ,One year,Bank transfer (automatic),No,24.05,No
4102-OQUPX,Month-to-month,Electronic check,Yes,74.4,Fiber optic
9170-GYZJC,Month-to-month,Credit card (automatic),No,79.9,DSL
4884-LEVMQ,Two year,Bank transfer (automatic),Yes,20.45,No
8857-CUPFQ,Two year,Mailed check,No,19.25,No
7610-TVOPG,Month-to-month,Electronic check,Yes,26.35,No
3638-DIMPH,One year,Electronic check,No,43.8,DSL
1845-ZLLIG,Month-to-month,Mailed check,Yes,50.15,DSL
8559-WNQZS,Two year,Mailed check,No,20.45,No
3999-QGRJH,Month-to-month,Electronic check,Yes,69.7,Fiber optic
1699-UOTXU,Two year,Electronic check,No,61.4,DSL
2454-RPBRZ,Month-to-month,Electronic check,Yes,98.1,Fiber optic
0635-WKOLD,One year,Credit card (automatic),No,70.75,DSL
5993-JSUWV,Two year,Bank transfer (automatic),Yes,61.15,DSL
4518-FZBSX,One year,Mailed check,No,20.25,No
5387-ASZNZ,One year,Credit card (automatic),Yes,63.85,DSL
6988-CJEYV,Month-to-month,Electronic check,No,98.7,Fiber optic
2002-MZHWP,Month-to-month,Mailed check,No,20.5,No
3097-FQTVJ,Two year,Mailed check,No,20.0,No
5465-BUBFA,Two year,Bank transfer (automatic),No,19.3,No
7299-GNVPL,Month-to-month,Mailed check,No,84.4,Fiber optic
9743-DQKQW,Month-to-month,Electronic check,No,25.1,DSL
1215-VFYVK,Month-to-month,Mailed check,No,48.25,DSL
9371-BITHB,Two year,Mailed check,No,19.85,No
2265-CYWIV,Month-to-month,Electronic check,Yes,99.6,Fiber optic
9093-FPDLG,Month-to-month,Electronic check,Yes,94.2,Fiber optic
0541-FITGH,Month-to-month,Mailed check,Yes,62.15,DSL
6985-HAYWX,Month-to-month,Bank transfer (automatic),No,79.3,Fiber optic
7508-KBIMB,One year,Credit card (automatic),Yes,56.25,DSL
6838-HVLXG,Month-to-month,Mailed check,No,20.3,No
2277-DJJDL,Month-to-month,Electronic check,Yes,99.0,Fiber optic
1897-OKVMW,Two year,Mailed check,Yes,90.6,DSL
5485-ITNPC,Two year,Bank transfer (automatic),Yes,85.9,DSL
0233-FTHAV,One year,Bank transfer (automatic),Yes,79.2,Fiber optic
4644-PIZRT,One year,Bank transfer (automatic),Yes,70.35,DSL
8922-NPKBJ,Two year,Mailed check,No,19.35,No
2740-TVLFN,Month-to-month,Electronic check,Yes,50.15,DSL
7771-CFQRQ,Two year,Bank transfer (automatic),No,63.8,DSL
9512-PHSMG,Month-to-month,Mailed check,Yes,20.55,No
6963-EZQEE,Two year,Credit card (automatic),Yes,88.55,DSL
2452-KDRRH,Month-to-month,Credit card (automatic),Yes,101.4,Fiber optic
2004-OCQXK,Month-to-month,Electronic check,Yes,81.95,Fiber optic
5027-QPKTE,Month-to-month,Electronic check,Yes,69.35,Fiber optic
4146-SVFUD,Month-to-month,Mailed check,No,44.6,DSL
1564-HJUVY,Month-to-month,Bank transfer (automatic),Yes,63.75,DSL
3617-XLSGQ,Two year,Bank transfer (automatic),No,109.25,Fiber optic
7517-LDMPS,Month-to-month,Electronic check,Yes,84.6,Fiber optic
7244-KXYZN,One year,Credit card (automatic),No,20.45,No
5226-NOZFC,Month-to-month,Electronic check,Yes,85.75,Fiber optic
2672-HUYVI,Month-to-month,Electronic check,Yes,91.1,Fiber optic
1400-WIVLL,Two year,Electronic check,No,107.95,Fiber optic
7508-MYBOG,Month-to-month,Electronic check,Yes,86.1,Fiber optic
8148-NLEGT,Two year,Electronic check,No,22.95,No
0148-DCDOS,Month-to-month,Bank transfer (automatic),Yes,94.7,Fiber optic
8347-GDTMP,Two year,Credit card (automatic),No,19.45,No
9992-RRAMN,Month-to-month,Electronic check,Yes,85.1,Fiber optic
6746-WAUWT,One year,Credit card (automatic),Yes,19.7,No
0310-MVLET,Month-to-month,Electronic check,Yes,99.15,Fiber optic
0428-IKYCP,Month-to-month,Bank transfer (automatic),Yes,87.0,Fiber optic
4550-VBOFE,Month-to-month,Electronic check,Yes,102.95,Fiber optic
2187-PKZAY,Month-to-month,Bank transfer (automatic),Yes,79.95,Fiber optic
4003-OCTMP,One year,Electronic check,Yes,64.0,DSL
6652-YFFJO,Month-to-month,Electronic check,Yes,64.9,DSL
7225-IILWY,Two year,Mailed check,No,25.75,No
5248-RPYWW,Two year,Bank transfer (automatic),Yes,90.15,DSL
7923-IYJWY,Two year,Credit card (automatic),Yes,116.1,Fiber optic
3170-GWYKC,Month-to-month,Bank transfer (automatic),Yes,104.95,Fiber optic
5696-QURRL,Month-to-month,Mailed check,Yes,45.05,DSL
7409-KIUTL,Month-to-month,Electronic check,Yes,71.0,Fiber optic
9830-ECLEN,One year,Mailed check,No,50.0,DSL
1732-VHUBQ,Month-to-month,Bank transfer (automatic),No,70.55,Fiber optic
0495-RVCBF,Month-to-month,Electronic check,Yes,79.7,Fiber optic
2668-TZSPS,Month-to-month,Mailed check,No,20.45,No
7854-EDSSA,Month-to-month,Electronic check,No,59.0,DSL
8869-TORSS,One year,Credit card (automatic),Yes,60.35,DSL
7446-SFAOA,One year,Bank transfer (automatic),Yes,19.85,No
9522-ZSINC,One year,Electronic check,Yes,19.95,No
8234-GSZYK,Two year,Bank transfer (automatic),No,26.45,No
6505-OZNPG,Two year,Mailed check,Yes,63.4,DSL
6164-HAQTX,Two year,Bank transfer (automatic),No,53.95,DSL
0679-IDSTG,Month-to-month,Electronic check,Yes,69.25,Fiber optic
7765-LWVVH,Two year,Electronic check,Yes,95.1,Fiber optic
1658-TJVOA,Month-to-month,Electronic check,Yes,74.1,Fiber optic
0953-LGOVU,Month-to-month,Mailed check,No,35.5,DSL
2115-BFTIW,Month-to-month,Mailed check,No,70.95,Fiber optic
4692-NNQRU,One year,Electronic check,No,79.2,Fiber optic
7742-MYPGI,Month-to-month,Mailed check,Yes,48.8,DSL
0611-DFXKO,Month-to-month,Mailed check,Yes,89.0,Fiber optic
7780-OTDSO,Month-to-month,Electronic check,Yes,99.4,Fiber optic
9619-GSATL,One year,Electronic check,No,55.45,DSL
5622-UEJFI,Two year,Credit card (automatic),Yes,25.4,No
9747-DDZOS,Month-to-month,Bank transfer (automatic),No,73.5,Fiber optic
0674-DGMAQ,Month-to-month,Electronic check,Yes,93.5,Fiber optic
6203-HBZPA,Two year,Credit card (automatic),No,63.9,DSL
0484-FFVBJ,One year,Bank transfer (automatic),Yes,64.85,DSL
0301-FIDRB,Two year,Bank transfer (automatic),Yes,63.8,DSL
4139-JPIAM,Month-to-month,Credit card (automatic),Yes,44.45,DSL
2181-TIDSV,Two year,Bank transfer (automatic),Yes,19.95,No
2761-XECQW,Month-to-month,Mailed check,Yes,43.35,DSL
1936-CZAKF,Two year,Credit card (automatic),No,49.65,DSL
9453-PATOS,Two year,Mailed check,No,85.1,DSL
0564-JJHGS,Month-to-month,Electronic check,Yes,95.5,Fiber optic
3348-CFRNX,Month-to-month,Mailed check,Yes,92.35,Fiber optic
4402-FTBXC,Month-to-month,Mailed check,No,89.8,Fiber optic
1428-GTBJJ,Month-to-month,Electronic check,Yes,74.55,Fiber optic
2931-XIQBR,One year,Mailed check,No,103.05,Fiber optic
0106-UGRDO,Two year,Electronic check,Yes,116.0,Fiber optic
5542-TBBWB,Month-to-month,Electronic check,Yes,69.9,Fiber optic
1930-QPBVZ,Two year,Bank transfer (automatic),No,95.1,Fiber optic
2606-PKWJB,One year,Mailed check,No,40.25,DSL
5322-ZSMZY,Two year,Mailed check,No,25.75,No
8059-UDZFY,Month-to-month,Bank transfer (automatic),Yes,105.35,Fiber optic
7740-BTPUX,Two year,Electronic check,Yes,113.6,Fiber optic
5220-AGAAX,Two year,Bank transfer (automatic),Yes,24.0,No
0208-BPQEJ,Month-to-month,Bank transfer (automatic),No,19.4,No
9435-JMLSX,Two year,Bank transfer (automatic),Yes,86.1,DSL
3352-ALMCK,Month-to-month,Mailed check,Yes,102.65,Fiber optic
5312-IRCFR,One year,Electronic check,Yes,92.85,Fiber optic
5294-IMHHT,One year,Bank transfer (automatic),No,97.75,Fiber optic
8802-UNOJF,Month-to-month,Mailed check,Yes,83.8,Fiber optic
6313-GIDIT,Month-to-month,Electronic check,Yes,54.45,DSL
6176-YJWAS,Two year,Credit card (automatic),Yes,97.95,Fiber optic
5310-NOOVA,Two year,Electronic check,No,19.95,No
4526-EXKKN,Two year,Mailed check,Yes,24.6,No
5311-IHLEI,Month-to-month,Bank transfer (automatic),Yes,50.95,DSL
3987-KQDDU,Month-to-month,Electronic check,No,75.6,Fiber optic
3404-JNXAX,Month-to-month,Electronic check,Yes,80.75,Fiber optic
5131-PONJI,Month-to-month,Credit card (automatic),Yes,90.4,Fiber optic
2845-AFFTX,Month-to-month,Electronic check,Yes,99.8,Fiber optic
3489-VSFRD,One year,Credit card (automatic),Yes,60.25,DSL
3345-JHUEO,Month-to-month,Electronic check,Yes,20.2,No
5815-HGGHV,One year,Mailed check,Yes,64.15,DSL
5260-UMPWX,Month-to-month,Credit card (automatic),Yes,20.25,No
2249-YPRNG,Month-to-month,Bank transfer (automatic),Yes,105.85,Fiber optic
7410-YTJIK,Month-to-month,Mailed check,No,75.45,Fiber optic
4626-GYCZP,Month-to-month,Electronic check,Yes,93.85,Fiber optic
5649-RXQTV,Month-to-month,Electronic check,Yes,99.0,Fiber optic
2674-MIAHT,Month-to-month,Mailed check,Yes,80.3,Fiber optic
2576-HXMPA,Month-to-month,Credit card (automatic),No,19.55,No
7587-AOVVU,Month-to-month,Electronic check,No,100.75,Fiber optic
5590-BYNII,Month-to-month,Electronic check,Yes,100.75,Fiber optic
6898-MDLZW,Month-to-month,Mailed check,Yes,53.75,DSL
3237-AJGEH,Month-to-month,Mailed check,Yes,31.0,DSL
4707-YNOQA,One year,Credit card (automatic),Yes,25.6,No
9357-UJRUN,One year,Electronic check,Yes,58.35,DSL
1591-NFNLQ,Month-to-month,Credit card (automatic),No,80.0,Fiber optic
8648-PFRMP,Month-to-month,Electronic check,Yes,46.35,DSL
7663-CUXZB,Two year,Electronic check,No,113.75,Fiber optic
0258-NOKBL,Month-to-month,Electronic check,No,90.4,Fiber optic
1163-VIPRI,Two year,Electronic check,No,109.3,Fiber optic
2815-CPTUL,Month-to-month,Mailed check,Yes,70.25,Fiber optic
9348-ROUAI,Two year,Credit card (automatic),No,90.3,DSL
9443-JUBUO,Two year,Credit card (automatic),Yes,65.25,DSL
0596-BQCEQ,Month-to-month,Electronic check,Yes,100.15,Fiber optic
1481-ZUWZA,Month-to-month,Credit card (automatic),Yes,94.5,Fiber optic
3043-TYBNO,Month-to-month,Mailed check,No,60.65,DSL
4830-FAXFM,Month-to-month,Credit card (automatic),Yes,24.1,No
5906-BFOZT,Month-to-month,Mailed check,Yes,19.5,No
2960-NKRSO,Month-to-month,Electronic check,Yes,85.95,Fiber optic
8996-ZROXE,One year,Electronic check,Yes,53.5,DSL
5598-IKHQQ,Two year,Credit card (automatic),No,25.45,No
0397-ZXWQF,Two year,Bank transfer (automatic),No,20.5,No
5266-PFRQK,One year,Credit card (automatic),Yes,20.85,No
4674-HGNUA,Two year,Credit card (automatic),No,89.9,DSL
6765-MBQNU,One year,Mailed check,No,26.0,No
9786-IJYDL,Two year,Mailed check,Yes,113.2,Fiber optic
1303-SRDOK,Two year,Credit card (automatic),Yes,69.05,Fiber optic
3769-MHZNV,Two year,Mailed check,No,20.1,No
6295-OSINB,Two year,Electronic check,Yes,109.65,Fiber optic
3308-MHOOC,Month-to-month,Mailed check,Yes,19.2,No
2309-OSFEU,Month-to-month,Mailed check,Yes,33.9,DSL
2207-QPJED,Month-to-month,Electronic check,No,90.0,Fiber optic
4177-JPDFU,Month-to-month,Mailed check,No,34.0,DSL
2239-CFOUJ,One year,Mailed check,No,20.4,No
8046-DNVTL,Two year,Credit card (automatic),Yes,38.6,DSL
2209-XADXF,Month-to-month,Bank transfer (automatic),No,25.25,DSL
6620-JDYNW,Month-to-month,Mailed check,Yes,60.6,DSL
1891-FZYSA,Month-to-month,Electronic check,Yes,89.95,Fiber optic
4770-UEZOX,Month-to-month,Electronic check,Yes,74.75,Fiber optic
1038-RQOST,Month-to-month,Mailed check,No,20.6,No
7613-LLQFO,Month-to-month,Electronic check,Yes,84.45,Fiber optic
4568-TTZRT,Month-to-month,Mailed check,No,20.4,No
9513-DXHDA,One year,Electronic check,No,81.7,DSL
2640-PMGFL,Month-to-month,Electronic check,Yes,79.5,Fiber optic
3801-HMYNL,Month-to-month,Mailed check,No,89.15,Fiber optic
0516-QREYC,Month-to-month,Mailed check,Yes,20.3,No
9685-WKZGT,Month-to-month,Electronic check,Yes,74.95,Fiber optic
6022-UGGSO,Month-to-month,Electronic check,Yes,74.4,Fiber optic
8084-OIVBS,One year,Mailed check,No,20.0,No
8896-BQTTI,Month-to-month,Mailed check,Yes,25.0,No
3865-QBWSJ,Month-to-month,Mailed check,Yes,80.45,Fiber optic
3352-RICWQ,Two year,Mailed check,No,19.75,No
2160-GPFXD,Two year,Credit card (automatic),Yes,65.65,DSL
2065-MMKGR,One year,Credit card (automatic),Yes,71.0,DSL
5857-TYBCJ,Month-to-month,Electronic check,Yes,89.2,Fiber optic
1498-NHTLT,Two year,Electronic check,Yes,86.75,DSL
4484-CGXFK,Month-to-month,Electronic check,Yes,55.3,DSL
1402-PTHGN,One year,Mailed check,Yes,61.5,DSL
4176-RELJR,Two year,Credit card (automatic),No,25.1,No
6214-EDAKZ,Month-to-month,Electronic check,No,55.15,DSL
5199-FPUSP,One year,Credit card (automatic),No,34.05,DSL
6377-KSLXC,Month-to-month,Mailed check,No,19.95,No
1796-JANOW,Month-to-month,Mailed check,No,19.95,No
0238-WHBIQ,Two year,Credit card (automatic),No,89.7,DSL
8735-NBLWT,Month-to-month,Mailed check,No,20.4,No
6651-RLGGM,Two year,Mailed check,No,26.3,No
6127-ISGTU,Month-to-month,Electronic check,Yes,84.95,Fiber optic
1614-JBEBI,Month-to-month,Mailed check,Yes,20.7,No
8740-XLHDR,Month-to-month,Mailed check,Yes,43.25,DSL
1208-DNHLN,One year,Credit card (automatic),Yes,48.35,DSL
1761-AEZZR,Month-to-month,Electronic check,Yes,79.55,Fiber optic
3923-CSIHK,Month-to-month,Electronic check,Yes,71.05,Fiber optic
5696-EXCYS,Two year,Credit card (automatic),No,19.45,No
5795-KTGUD,Two year,Bank transfer (automatic),Yes,110.8,Fiber optic
7120-RFMVS,Month-to-month,Electronic check,No,84.5,Fiber optic
7924-GJZFI,Month-to-month,Electronic check,Yes,69.3,Fiber optic
4702-HDRKD,One year,Bank transfer (automatic),Yes,49.35,DSL
8512-WIWYV,One year,Credit card (automatic),No,20.35,No
5897-ZYEKH,One year,Electronic check,Yes,105.6,Fiber optic
5456-ITGIC,Two year,Credit card (automatic),Yes,64.45,DSL
7317-GGVPB,Two year,Credit card (automatic),Yes,108.6,Fiber optic
1406-PUQVY,Month-to-month,Electronic check,Yes,49.9,DSL
1322-AGOQM,Month-to-month,Bank transfer (automatic),No,30.3,DSL
3677-IYRBF,Month-to-month,Electronic check,Yes,30.4,DSL
5692-FPTAH,Month-to-month,Mailed check,Yes,45.4,DSL
9114-AAFQH,One year,Electronic check,Yes,65.65,DSL
8715-KKTFG,One year,Bank transfer (automatic),Yes,103.3,Fiber optic
1550-LOAHA,Month-to-month,Bank transfer (automatic),No,84.15,Fiber optic
1728-BQDMA,Month-to-month,Electronic check,No,44.45,DSL
0268-QKIWO,Month-to-month,Electronic check,No,19.75,No
0876-WDUUZ,Month-to-month,Credit card (automatic),Yes,85.4,Fiber optic
5117-ZSMHQ,Two year,Bank transfer (automatic),No,89.9,DSL
5151-HQRDG,Month-to-month,Mailed check,Yes,55.05,DSL
0960-HUWBM,Two year,Bank transfer (automatic),Yes,104.1,Fiber optic
6465-GSRCL,One year,Bank transfer (automatic),Yes,106.6,Fiber optic
0617-FHSGK,Month-to-month,Credit card (automatic),No,75.2,Fiber optic
0263-FJTQO,Two year,Credit card (automatic),Yes,70.5,DSL
7319-ZNRTR,One year,Electronic check,No,19.6,No
2858-MOFSQ,One year,Mailed check,Yes,55.85,DSL
7503-EPSZW,Two year,Mailed check,Yes,24.05,No
7089-XXAYG,One year,Credit card (automatic),Yes,38.1,DSL
8118-LSUEL,Month-to-month,Electronic check,Yes,106.4,Fiber optic
8070-AAWZP,Month-to-month,Mailed check,No,34.25,DSL
1666-JXLKU,Month-to-month,Electronic check,Yes,100.05,Fiber optic
7855-DIWPO,Month-to-month,Electronic check,Yes,68.65,Fiber optic
5133-POWUA,Month-to-month,Mailed check,Yes,45.8,DSL
5652-MSDEY,Month-to-month,Mailed check,Yes,75.75,Fiber optic
7005-CCBKV,Month-to-month,Electronic check,Yes,84.4,Fiber optic
1810-BOHSY,One year,Credit card (automatic),Yes,96.4,Fiber optic
1784-BXEFA,Month-to-month,Mailed check,Yes,20.55,No
7351-MHQVU,Month-to-month,Credit card (automatic),No,50.95,DSL
9224-VTYID,Two year,Mailed check,Yes,90.5,DSL
9500-IWPXQ,One year,Electronic check,Yes,79.4,DSL
5762-TJXGK,Two year,Bank transfer (automatic),Yes,58.75,DSL
4504-YOULA,Month-to-month,Credit card (automatic),Yes,59.45,DSL
5569-IDSEY,One year,Bank transfer (automatic),Yes,105.7,Fiber optic
4250-FDVOU,Month-to-month,Electronic check,No,56.25,DSL
7284-ZZLOH,Two year,Credit card (automatic),No,53.3,DSL
5277-ZLOOR,Month-to-month,Electronic check,Yes,85.55,Fiber optic
2141-RRYGO,Month-to-month,Bank transfer (automatic),Yes,68.65,DSL
1777-JYQPJ,Month-to-month,Mailed check,No,24.3,DSL
6376-GAHQE,Month-to-month,Electronic check,No,77.85,Fiber optic
3401-URHDA,One year,Credit card (automatic),No,59.9,DSL
1599-EAHXY,One year,Credit card (automatic),No,23.95,No
8631-XVRZL,One year,Mailed check,Yes,20.15,No
5052-PNLOS,Month-to-month,Bank transfer (automatic),Yes,105.35,Fiber optic
3853-LYGAM,Month-to-month,Bank transfer (automatic),Yes,95.65,Fiber optic
6979-ZNSFF,Month-to-month,Electronic check,Yes,87.05,Fiber optic
5751-USDBL,Two year,Mailed check,No,81.0,DSL
5680-LQOGP,Two year,Credit card (automatic),Yes,82.45,DSL
2386-LAHRK,Month-to-month,Mailed check,Yes,53.5,DSL
8189-DUKMV,One year,Bank transfer (automatic),No,20.5,No
6032-IGALN,Month-to-month,Mailed check,Yes,25.1,DSL
9931-DCEZH,One year,Credit card (automatic),Yes,54.4,DSL
1898-JSNDC,One year,Credit card (automatic),Yes,58.6,DSL
0315-LVCRK,Month-to-month,Electronic check,No,84.8,Fiber optic
3911-RSNHI,Two year,Credit card (automatic),Yes,61.4,DSL
2410-CIYFZ,Month-to-month,Mailed check,No,20.4,No
4248-HCETZ,Month-to-month,Mailed check,Yes,79.65,Fiber optic
5505-OVWQW,One year,Mailed check,No,20.15,No
7271-AJDTL,Month-to-month,Credit card (automatic),Yes,94.45,Fiber optic
1867-TJHTS,Month-to-month,Bank transfer (automatic),Yes,79.8,Fiber optic
0516-WJVXC,Month-to-month,Electronic check,No,54.2,DSL
9174-FKWZE,Month-to-month,Electronic check,Yes,19.45,No
6860-YRJZP,Month-to-month,Electronic check,Yes,74.05,Fiber optic
4429-WYGFR,Month-to-month,Bank transfer (automatic),No,49.15,DSL
2817-LVCPP,Two year,Credit card (automatic),No,19.4,No
5038-ETMLM,Two year,Bank transfer (automatic),Yes,113.65,Fiber optic
5056-FIMPT,One year,Credit card (automatic),Yes,106.0,Fiber optic
4521-WFJAI,Two year,Bank transfer (automatic),Yes,25.95,No
6569-KTMDU,Month-to-month,Mailed check,No,19.1,No
8809-RIHDD,Two year,Electronic check,Yes,103.4,Fiber optic
8809-XKHMD,Two year,Bank transfer (automatic),Yes,100.55,Fiber optic
0396-YCHWO,Month-to-month,Electronic check,Yes,95.4,Fiber optic
0867-LDTTC,Month-to-month,Bank transfer (automatic),No,75.15,DSL
4822-NGOCH,Month-to-month,Electronic check,Yes,84.45,Fiber optic
9391-DXGGG,One year,Credit card (automatic),No,89.15,Fiber optic
9844-FELAJ,One year,Electronic check,Yes,107.9,Fiber optic
2122-SZZZD,One year,Credit card (automatic),No,19.5,No
5307-DZCVC,Month-to-month,Credit card (automatic),Yes,85.95,Fiber optic
3148-AOIQT,Two year,Credit card (automatic),Yes,24.95,No
8679-JOEVF,Month-to-month,Electronic check,No,59.4,DSL
8395-ETZKQ,One year,Bank transfer (automatic),No,19.5,No
6692-YQHXC,Month-to-month,Credit card (automatic),Yes,69.95,Fiber optic
3889-VWBID,Two year,Bank transfer (automatic),No,82.85,DSL
5222-JCXZT,Month-to-month,Mailed check,No,19.0,No
9754-CLVZW,Month-to-month,Credit card (automatic),No,38.85,DSL
1432-FPAXX,Month-to-month,Electronic check,Yes,30.6,DSL
2739-CCZMB,Month-to-month,Credit card (automatic),No,20.35,No
7080-TNUWP,One year,Bank transfer (automatic),Yes,95.0,Fiber optic
0496-AHOOK,One year,Bank transfer (automatic),No,74.4,DSL
8336-TAVKX,Two year,Bank transfer (automatic),No,78.45,DSL
2468-SJFLM,Month-to-month,Mailed check,Yes,74.3,Fiber optic
3181-VTHOE,One year,Bank transfer (automatic),Yes,51.05,DSL
7168-HDQHG,Month-to-month,Bank transfer (automatic),No,19.2,No
4803-AXVYP,Month-to-month,Electronic check,Yes,99.55,Fiber optic
3884-HCSWG,Month-to-month,Electronic check,Yes,70.0,Fiber optic
4567-AKPIA,One year,Bank transfer (automatic),Yes,109.1,Fiber optic
5077-DXTCG,Month-to-month,Electronic check,Yes,45.3,DSL
1142-WACZW,Month-to-month,Bank transfer (automatic),No,29.85,DSL
7901-HXJVA,Month-to-month,Electronic check,No,76.45,Fiber optic
5649-ANRML,Month-to-month,Credit card (automatic),Yes,95.1,Fiber optic
4892-VLANZ,Month-to-month,Mailed check,No,19.8,No
5924-IFQTT,Month-to-month,Electronic check,Yes,72.8,DSL
7968-QUXNS,Month-to-month,Mailed check,No,18.95,No
2919-HBCJO,Month-to-month,Bank transfer (automatic),Yes,76.65,Fiber optic
4236-XPXAV,Month-to-month,Mailed check,Yes,99.15,Fiber optic
8903-WMRNW,Month-to-month,Electronic check,No,101.75,Fiber optic
2452-SNHFZ,Month-to-month,Credit card (automatic),No,75.45,Fiber optic
3629-WEAAM,Month-to-month,Mailed check,No,64.1,DSL
6029-CSMJE,Month-to-month,Mailed check,Yes,25.65,DSL
7993-NQLJE,Month-to-month,Mailed check,No,75.1,Fiber optic
9909-DFRJA,One year,Bank transfer (automatic),Yes,95.85,Fiber optic
9099-FTUHS,Month-to-month,Electronic check,No,54.4,DSL
0581-BXBUB,Month-to-month,Electronic check,No,72.75,Fiber optic
4962-CHQPW,One year,Mailed check,No,19.85,No
9467-ROOLM,Month-to-month,Mailed check,No,19.05,No
3030-YZADT,Month-to-month,Mailed check,No,44.95,DSL
7410-KTVFV,Month-to-month,Mailed check,Yes,49.55,DSL
5150-ITWWB,Month-to-month,Electronic check,Yes,94.85,Fiber optic
2253-KPMNB,Two year,Bank transfer (automatic),No,46.25,DSL
1345-ZUKID,One year,Mailed check,No,19.35,No
6429-SHBCB,Month-to-month,Mailed check,No,69.6,DSL
9281-OFDMF,Month-to-month,Electronic check,No,90.7,Fiber optic
2603-HVKCG,Month-to-month,Electronic check,Yes,101.4,Fiber optic
1834-WULEG,One year,Mailed check,No,20.25,No
9097-ZUBYC,Month-to-month,Bank transfer (automatic),No,48.8,DSL
5148-ORICT,Two year,Mailed check,Yes,74.35,DSL
4893-GYUJU,One year,Mailed check,Yes,19.35,No
4578-PHJYZ,One year,Electronic check,Yes,68.75,DSL
7272-QDCKA,One year,Electronic check,No,100.2,Fiber optic
8908-SLFCJ,Two year,Credit card (automatic),Yes,20.85,No
8393-DLHGA,Month-to-month,Electronic check,Yes,95.9,Fiber optic
9766-HGEDE,One year,Mailed check,No,19.35,No
6968-MHOMU,One year,Credit card (automatic),Yes,45.0,DSL
7395-IGJOS,Month-to-month,Bank transfer (automatic),No,81.5,Fiber optic
5044-XDPYX,Two year,Mailed check,No,25.5,No
1814-WFGVS,Two year,Mailed check,No,48.9,DSL
2834-SPCJV,Month-to-month,Electronic check,No,84.1,Fiber optic
3721-WKIIL,Two year,Mailed check,Yes,19.6,No
6734-CKRSM,Month-to-month,Mailed check,No,20.0,No
1265-ZFOSD,Two year,Mailed check,Yes,81.3,DSL
6568-POCUI,Two year,Credit card (automatic),Yes,95.2,Fiber optic
7890-VYYWG,Month-to-month,Mailed check,Yes,36.45,DSL
5197-LQXXH,Two year,Credit card (automatic),Yes,83.3,DSL
9907-SWKKF,Month-to-month,Mailed check,No,25.05,DSL
3457-PQBYH,Two year,Credit card (automatic),No,20.3,No
7682-AZNDK,Month-to-month,Electronic check,Yes,89.85,Fiber optic
0587-DMGBH,Month-to-month,Electronic check,Yes,49.85,DSL
5384-ZTTWP,Month-to-month,Mailed check,No,19.8,No
3745-HRPHI,Two year,Bank transfer (automatic),No,54.65,DSL
7636-OWBPG,Month-to-month,Credit card (automatic),Yes,29.35,DSL
1231-YNDEK,Two year,Bank transfer (automatic),Yes,19.15,No
1407-DIGZV,Two year,Mailed check,No,19.1,No
6397-JNZZG,Month-to-month,Credit card (automatic),No,55.55,DSL
0570-BFQHT,Month-to-month,Electronic check,No,80.55,Fiber optic
4393-OBCRR,One year,Mailed check,No,20.25,No
3523-QRQLL,One year,Bank transfer (automatic),Yes,69.5,DSL
8564-LDKFL,One year,Bank transfer (automatic),Yes,106.0,Fiber optic
3696-DFHHB,Two year,Bank transfer (automatic),No,25.5,No
0895-DQHEW,Month-to-month,Electronic check,Yes,104.3,Fiber optic
4717-GHADL,Two year,Mailed check,Yes,79.6,DSL
5501-TVMGM,Month-to-month,Electronic check,Yes,55.25,DSL
5879-HMFFH,Two year,Bank transfer (automatic),No,88.05,DSL
6772-WFQRD,One year,Bank transfer (automatic),Yes,20.4,No
3810-DVDQQ,Two year,Bank transfer (automatic),Yes,117.6,Fiber optic
6972-SNKKW,Month-to-month,Mailed check,No,20.0,No
3694-GLTJM,Month-to-month,Credit card (automatic),Yes,19.65,No
8550-XSXUQ,One year,Credit card (automatic),Yes,70.55,DSL
8149-RSOUN,Month-to-month,Electronic check,Yes,93.85,Fiber optic
9055-MOJJJ,One year,Mailed check,No,65.8,DSL
4359-INNWN,One year,Credit card (automatic),No,20.05,No
0585-EGDDA,Month-to-month,Electronic check,Yes,80.0,Fiber optic
4032-RMHCI,One year,Credit card (automatic),No,35.4,DSL
0549-CYCQN,One year,Bank transfer (automatic),Yes,79.6,Fiber optic
3481-JHUZH,Month-to-month,Electronic check,Yes,80.25,Fiber optic
7250-EQKIY,Month-to-month,Mailed check,No,50.45,DSL
3594-IVHJZ,Month-to-month,Mailed check,Yes,20.45,No
6869-FGJJC,One year,Credit card (automatic),No,79.6,Fiber optic
3896-ZVNET,Two year,Mailed check,No,24.7,No
8205-VSLRB,Two year,Credit card (automatic),No,77.3,DSL
5960-MVTUK,Month-to-month,Electronic check,Yes,29.75,DSL
6817-WTYHE,Month-to-month,Bank transfer (automatic),No,44.9,DSL
3082-VQXNH,Month-to-month,Credit card (automatic),No,29.8,DSL
4013-UBXWQ,Month-to-month,Electronic check,Yes,74.65,DSL
4931-TRZWN,Month-to-month,Electronic check,Yes,71.95,DSL
0750-EKNGL,Month-to-month,Mailed check,No,20.75,No
7669-LCRSD,Month-to-month,Mailed check,Yes,56.3,DSL
3567-PQTSO,One year,Electronic check,Yes,105.25,Fiber optic
5519-NPHVG,Month-to-month,Electronic check,Yes,94.2,Fiber optic
8043-PNYSD,Two year,Mailed check,No,19.55,No
9938-EKRGF,Month-to-month,Mailed check,No,84.45,DSL
2703-AMTUL,One year,Mailed check,No,53.65,DSL
0928-JMXNP,Month-to-month,Electronic check,Yes,29.9,DSL
8173-RXAYP,Two year,Mailed check,No,19.7,No
4825-XJGDM,One year,Credit card (automatic),No,43.7,DSL
5402-HTOTQ,Month-to-month,Electronic check,No,55.3,DSL
6734-JDTTV,Two year,Credit card (automatic),Yes,19.85,No
7850-THJMU,Two year,Credit card (automatic),No,19.65,No
3890-RTCMS,Month-to-month,Mailed check,Yes,49.45,DSL
8849-GYOKR,One year,Bank transfer (automatic),No,106.55,Fiber optic
3148-BLQJT,Month-to-month,Mailed check,No,20.1,No
3717-FDJFU,Two year,Mailed check,No,20.45,No
3665-JATSN,Month-to-month,Electronic check,Yes,39.7,DSL
7966-YOTQW,Month-to-month,Credit card (automatic),Yes,54.5,DSL
0461-CVKMU,Month-to-month,Electronic check,No,83.8,Fiber optic
8806-EAGWC,Month-to-month,Mailed check,No,55.15,DSL
8853-TZDGH,Two year,Bank transfer (automatic),Yes,111.6,Fiber optic
7779-LGOVN,Month-to-month,Electronic check,Yes,86.65,Fiber optic
4324-BZCKL,Month-to-month,Mailed check,Yes,55.55,DSL
6924-TDGMT,One year,Mailed check,Yes,20.55,No
9710-ZUSHQ,Month-to-month,Bank transfer (automatic),Yes,106.75,Fiber optic
1536-YHDOE,One year,Mailed check,Yes,62.1,DSL
8123-QBNAZ,Month-to-month,Credit card (automatic),Yes,104.5,Fiber optic
3629-ZNKXA,Month-to-month,Electronic check,Yes,101.8,Fiber optic
4827-LTQRJ,One year,Credit card (automatic),Yes,110.6,Fiber optic
7711-YIJWC,One year,Bank transfer (automatic),No,84.9,DSL
5482-VXSXJ,Month-to-month,Mailed check,Yes,93.2,Fiber optic
7365-BVCJH,Month-to-month,Electronic check,Yes,24.4,DSL
9620-ENEJV,Month-to-month,Credit card (automatic),No,70.55,Fiber optic
4183-WCSEP,Month-to-month,Electronic check,Yes,78.45,Fiber optic
2378-YIZKA,Two year,Credit card (automatic),Yes,85.0,DSL
5498-TXHLF,Month-to-month,Electronic check,No,87.45,Fiber optic
0689-DSXGL,Month-to-month,Bank transfer (automatic),No,85.8,Fiber optic
6818-DJXAA,Month-to-month,Electronic check,Yes,91.1,Fiber optic
9722-UJOJR,Month-to-month,Electronic check,Yes,70.75,Fiber optic
0464-WJTKO,Two year,Bank transfer (automatic),No,20.1,No
8902-ZEOVF,One year,Mailed check,No,20.05,No
6778-EICRF,One year,Mailed check,No,74.8,DSL
2662-NNTDK,One year,Credit card (automatic),No,24.8,No
4132-KALRO,Month-to-month,Mailed check,Yes,100.85,Fiber optic
3902-FOIGH,Month-to-month,Electronic check,Yes,101.35,Fiber optic
6772-KSATR,Month-to-month,Electronic check,Yes,81.7,Fiber optic
7112-OPOTK,Month-to-month,Electronic check,No,68.25,Fiber optic
2874-YXVVA,Month-to-month,Electronic check,Yes,105.1,Fiber optic
1245-HARPS,Two year,Mailed check,No,20.4,No
4210-QFJMF,Month-to-month,Electronic check,Yes,79.15,Fiber optic
4323-ELYYB,One year,Mailed check,No,20.0,No
4293-ETKAP,Two year,Bank transfer (automatic),Yes,79.4,DSL
6064-PUPMC,One year,Credit card (automatic),No,57.2,DSL
6504-VBLFL,Two year,Electronic check,No,58.6,DSL
6322-PJJDJ,Two year,Electronic check,Yes,94.8,Fiber optic
0330-BGYZE,One year,Bank transfer (automatic),No,102.5,Fiber optic
1085-LDWAM,One year,Credit card (automatic),Yes,20.35,No
7586-ZATGZ,Month-to-month,Electronic check,Yes,84.9,Fiber optic
7197-VOJMM,Two year,Credit card (automatic),Yes,69.2,DSL
3318-OSATS,Month-to-month,Electronic check,Yes,95.45,Fiber optic
5828-AVIPD,One year,Electronic check,Yes,100.95,Fiber optic
1843-TLSGD,Two year,Mailed check,No,20.85,No
9626-VFRGG,Month-to-month,Bank transfer (automatic),Yes,88.5,Fiber optic
7075-BNDVQ,Month-to-month,Mailed check,No,35.0,DSL
9143-CANJF,Month-to-month,Electronic check,No,55.15,DSL
7284-BUYEC,Month-to-month,Credit card (automatic),Yes,50.95,DSL
2041-JIJCI,Month-to-month,Electronic check,Yes,64.0,DSL
1086-LXKFY,Month-to-month,Mailed check,Yes,69.1,Fiber optic
4900-MSOMT,Two year,Bank transfer (automatic),No,80.2,DSL
2229-VWQJH,Month-to-month,Credit card (automatic),Yes,49.3,DSL
9194-GFVOI,Two year,Credit card (automatic),No,84.35,DSL
1336-EZFZY,Month-to-month,Mailed check,No,20.05,No
4282-MSACW,One year,Credit card (automatic),Yes,117.2,Fiber optic
1403-LKLIK,One year,Mailed check,No,20.1,No
2636-ALXXZ,Month-to-month,Electronic check,Yes,69.6,Fiber optic
7774-OJSXI,One year,Electronic check,Yes,103.45,Fiber optic
7786-WBJYI,Month-to-month,Bank transfer (automatic),No,77.95,Fiber optic
0136-IFMYD,Two year,Electronic check,Yes,109.95,Fiber optic
5144-TVGLP,Month-to-month,Electronic check,No,94.75,Fiber optic
9643-AVVWI,Month-to-month,Electronic check,Yes,80.0,Fiber optic
0253-ZTEOB,Two year,Electronic check,No,79.65,DSL
2706-QZIHY,Two year,Mailed check,No,25.2,No
6061-PQHMK,One year,Credit card (automatic),No,19.9,No
9885-CSMWE,Month-to-month,Electronic check,No,78.45,Fiber optic
6137-MFAJN,Month-to-month,Electronic check,Yes,44.8,DSL
9122-UMROB,Month-to-month,Mailed check,No,20.3,No
4232-JGKIY,Month-to-month,Electronic check,No,19.2,No
2402-TAIRZ,One year,Electronic check,No,80.05,Fiber optic
9659-ZTWSM,One year,Bank transfer (automatic),Yes,107.35,Fiber optic
9139-TWBAS,One year,Bank transfer (automatic),No,47.85,DSL
6685-GBWJZ,One year,Credit card (automatic),No,70.8,DSL
5016-ETTFF,Month-to-month,Mailed check,No,29.5,DSL
3866-MDTUB,Month-to-month,Electronic check,Yes,70.75,DSL
2195-VVRJF,Month-to-month,Credit card (automatic),Yes,59.1,DSL
3913-RDSJZ,Two year,Mailed check,No,25.55,No
8058-JMEQO,Month-to-month,Electronic check,Yes,84.45,Fiber optic
4203-QGNZA,Month-to-month,Mailed check,No,20.25,No
5043-TRZWM,Month-to-month,Electronic check,No,75.55,Fiber optic
0697-ZMSWS,Month-to-month,Electronic check,Yes,85.65,Fiber optic
7657-DYEPJ,One year,Credit card (automatic),Yes,70.15,DSL
9494-BDNNC,One year,Electronic check,No,95.3,Fiber optic
1640-PLFMP,Month-to-month,Electronic check,Yes,70.25,Fiber optic
5366-OBVMR,Month-to-month,Mailed check,Yes,50.3,DSL
8276-MQBYC,Month-to-month,Electronic check,Yes,97.8,Fiber optic
7644-OMVMY,Two year,Mailed check,No,19.85,No
7593-XFKDI,Month-to-month,Mailed check,No,46.3,DSL
4573-JKNAE,Two year,Bank transfer (automatic),No,19.35,No
0337-CNPZE,Month-to-month,Electronic check,Yes,106.3,Fiber optic
9817-APLHW,Month-to-month,Electronic check,No,25.0,No
8380-MQINP,Two year,Mailed check,No,20.3,No
0840-DFEZH,Month-to-month,Electronic check,Yes,75.35,Fiber optic
1513-XNPPH,Month-to-month,Electronic check,Yes,89.4,Fiber optic
8690-ZVLCL,Two year,Credit card (automatic),No,88.0,DSL
6015-VVHHE,Month-to-month,Credit card (automatic),Yes,83.15,Fiber optic
1125-SNVCK,Month-to-month,Mailed check,No,43.8,DSL
0384-LPITE,One year,Credit card (automatic),No,62.05,DSL
4616-EWBNJ,One year,Bank transfer (automatic),No,20.1,No
6347-DCUIK,Month-to-month,Mailed check,Yes,74.15,Fiber optic
1335-HQMKX,One year,Electronic check,Yes,101.35,Fiber optic
2545-EBUPK,Month-to-month,Electronic check,Yes,84.05,Fiber optic
6923-AQONU,Two year,Mailed check,No,20.9,No
2172-EJXVF,One year,Electronic check,Yes,105.9,Fiber optic
0897-FEGMU,Month-to-month,Electronic check,Yes,99.5,Fiber optic
7663-RGWBC,Month-to-month,Mailed check,Yes,44.15,DSL
1120-BMWUB,Month-to-month,Mailed check,Yes,53.9,DSL
9124-LHCJQ,Month-to-month,Mailed check,Yes,85.45,Fiber optic
4536-PLEQY,Month-to-month,Credit card (automatic),Yes,85.05,Fiber optic
7029-IJEJK,One year,Bank transfer (automatic),No,44.1,DSL
8871-JLMHM,Two year,Credit card (automatic),No,90.2,Fiber optic
2235-ZGKPT,Month-to-month,Mailed check,No,50.85,DSL
3891-PUQOD,Month-to-month,Electronic check,No,59.2,DSL
5447-VYTKW,Month-to-month,Mailed check,No,53.45,DSL
3623-FQBOX,Month-to-month,Mailed check,Yes,19.95,No
0689-NKYLF,Month-to-month,Electronic check,Yes,83.2,Fiber optic
8659-HDIYE,Month-to-month,Credit card (automatic),No,74.65,DSL
3658-KIBGF,Month-to-month,Electronic check,Yes,54.9,DSL
3474-BAFSJ,Two year,Bank transfer (automatic),Yes,57.5,DSL
5519-YLDGW,Month-to-month,Electronic check,Yes,103.9,Fiber optic
3865-ZFZIB,Two year,Mailed check,No,19.65,No
1855-AGAWH,One year,Electronic check,Yes,93.8,Fiber optic
7109-CQYUZ,Two year,Mailed check,Yes,89.25,DSL
1370-GGAWX,One year,Electronic check,Yes,94.15,Fiber optic
4680-KUTAJ,Month-to-month,Electronic check,Yes,55.6,DSL
5307-UVGNB,Month-to-month,Bank transfer (automatic),Yes,48.7,DSL
4946-EDSEW,Month-to-month,Mailed check,Yes,19.25,No
2883-ILGWO,Month-to-month,Bank transfer (automatic),Yes,104.9,Fiber optic
2516-VQRRV,Month-to-month,Mailed check,Yes,75.45,Fiber optic
7580-UGXNC,Month-to-month,Mailed check,No,54.85,DSL
3642-BYHDO,Two year,Bank transfer (automatic),No,19.9,No
9629-NHXFW,Month-to-month,Mailed check,Yes,19.4,No
2696-RZVZW,Two year,Credit card (automatic),No,25.05,No
5766-FTRTS,Two year,Mailed check,No,84.45,DSL
0396-HUJBP,Month-to-month,Mailed check,No,19.3,No
5178-LMXOP,Month-to-month,Electronic check,Yes,95.1,Fiber optic
8879-ZKJOF,One year,Bank transfer (automatic),Yes,79.85,DSL
6285-FTQBF,Two year,Credit card (automatic),No,25.55,No
8185-UPYBR,Month-to-month,Electronic check,Yes,75.5,Fiber optic
4585-HETAI,Month-to-month,Electronic check,Yes,73.75,Fiber optic
7526-BEZQB,Month-to-month,Electronic check,Yes,96.05,Fiber optic
1474-JUWSM,One year,Electronic check,Yes,68.4,DSL
3530-CRZSB,Month-to-month,Mailed check,No,20.65,No
8498-XXGWA,Month-to-month,Mailed check,Yes,55.15,DSL
9617-INGJY,Month-to-month,Mailed check,Yes,70.6,Fiber optic
0621-TSSMU,One year,Credit card (automatic),No,19.95,No
7234-KMNRQ,Month-to-month,Mailed check,No,19.0,No
7636-PEPNS,One year,Mailed check,Yes,44.1,DSL
4683-WYDOU,Two year,Bank transfer (automatic),Yes,107.6,Fiber optic
9052-DHNKM,One year,Electronic check,No,61.55,DSL
6794-HKIAJ,Month-to-month,Bank transfer (automatic),No,90.7,Fiber optic
5578-NKCXI,One year,Credit card (automatic),No,99.25,Fiber optic
1642-HMARX,Two year,Electronic check,Yes,91.7,DSL
3096-WPXBT,One year,Credit card (automatic),Yes,100.7,Fiber optic
8434-PNQZX,Two year,Credit card (automatic),Yes,78.45,DSL
5950-AAAGJ,Month-to-month,Bank transfer (automatic),No,84.3,Fiber optic
4299-OPXEJ,Two year,Bank transfer (automatic),Yes,19.55,No
4951-UKAAQ,Month-to-month,Electronic check,Yes,88.95,Fiber optic
9618-LFJRU,Month-to-month,Credit card (automatic),No,20.45,No
6693-DJWTY,One year,Credit card (automatic),No,55.6,DSL
0744-GKNGE,Month-to-month,Bank transfer (automatic),Yes,86.8,Fiber optic
6447-EGDIV,One year,Mailed check,No,20.95,No
1167-OYZJF,Two year,Bank transfer (automatic),Yes,20.05,No
2108-YKQTY,Month-to-month,Credit card (automatic),No,50.7,DSL
4806-DXQCE,Two year,Electronic check,Yes,113.65,Fiber optic
4918-QLLIW,Month-to-month,Credit card (automatic),No,53.4,DSL
7056-IMHCC,Month-to-month,Electronic check,Yes,101.9,Fiber optic
4854-SSLTN,Two year,Mailed check,No,59.5,DSL
5294-DMSFH,Month-to-month,Credit card (automatic),Yes,87.8,Fiber optic
4837-PZTIC,Two year,Mailed check,No,41.9,DSL
1625-JAIIY,One year,Electronic check,Yes,83.0,Fiber optic
0603-OLQDC,Month-to-month,Mailed check,Yes,69.85,DSL
3272-VUHPV,Month-to-month,Bank transfer (automatic),No,56.3,DSL
4176-FXYBO,Month-to-month,Electronic check,No,109.55,Fiber optic
1063-DHQJF,Two year,Mailed check,Yes,92.15,Fiber optic
8663-UPDGF,Month-to-month,Bank transfer (automatic),Yes,69.5,DSL
6719-FGEDO,Two year,Bank transfer (automatic),Yes,97.0,Fiber optic
1837-YQUCE,Two year,Bank transfer (automatic),Yes,58.35,DSL
2947-DOMLJ,Month-to-month,Mailed check,No,50.6,DSL
4112-LUEIZ,Month-to-month,Electronic check,Yes,89.5,Fiber optic
0369-ZGOVK,One year,Bank transfer (automatic),Yes,70.4,Fiber optic
4510-HIMLV,Month-to-month,Electronic check,Yes,69.8,Fiber optic
9919-KNPOO,Month-to-month,Electronic check,Yes,94.3,Fiber optic
8749-JMNKX,Month-to-month,Bank transfer (automatic),Yes,93.8,Fiber optic
7872-BAAZR,One year,Bank transfer (automatic),No,19.55,No
9391-LMANN,One year,Electronic check,No,95.95,Fiber optic
2430-USGXP,Month-to-month,Electronic check,Yes,101.05,Fiber optic
8174-TBVCF,Two year,Credit card (automatic),Yes,94.8,DSL
1698-XFZCI,One year,Electronic check,Yes,107.75,Fiber optic
1877-HKBQX,One year,Mailed check,Yes,54.6,DSL
4450-DLLMH,Month-to-month,Credit card (automatic),Yes,71.3,Fiber optic
0428-AXXLJ,One year,Bank transfer (automatic),Yes,19.5,No
2746-DIJLO,One year,Credit card (automatic),Yes,56.3,DSL
5955-ERIHD,Month-to-month,Electronic check,Yes,94.7,Fiber optic
0917-EZOLA,Two year,Bank transfer (automatic),Yes,104.15,Fiber optic
3508-VLHCZ,Two year,Credit card (automatic),Yes,90.55,DSL
4086-ATNFV,One year,Mailed check,Yes,60.8,DSL
0468-YRPXN,Month-to-month,Credit card (automatic),Yes,98.8,Fiber optic
5996-NRVXR,One year,Credit card (automatic),Yes,98.15,Fiber optic
3739-YBWAB,One year,Mailed check,No,35.35,DSL
7047-FWEYA,One year,Electronic check,Yes,103.15,Fiber optic
2000-MPKCA,One year,Electronic check,Yes,107.75,Fiber optic
9762-YAQAA,One year,Credit card (automatic),No,81.4,Fiber optic
5949-EBSQK,Month-to-month,Credit card (automatic),No,61.45,DSL
5473-KHBPS,One year,Credit card (automatic),Yes,95.7,Fiber optic
0100-DUVFC,One year,Electronic check,Yes,104.8,Fiber optic
5397-TUPSH,One year,Bank transfer (automatic),Yes,70.95,Fiber optic
8950-MTZNV,Month-to-month,Mailed check,Yes,44.95,DSL
0326-VDYXE,One year,Electronic check,Yes,97.65,Fiber optic
6773-LQTVT,Month-to-month,Mailed check,Yes,35.65,DSL
7274-RTAPZ,Month-to-month,Electronic check,Yes,90.55,Fiber optic
0436-TWFFZ,Two year,Mailed check,Yes,85.25,DSL
8566-YPRGL,Month-to-month,Mailed check,Yes,19.5,No
0311-UNPFF,Month-to-month,Bank transfer (automatic),Yes,88.8,Fiber optic
6609-MXJHJ,Two year,Mailed check,Yes,25.1,No
2669-OIDSD,Month-to-month,Credit card (automatic),Yes,100.05,Fiber optic
8400-WZICQ,Month-to-month,Electronic check,No,55.7,DSL
3834-XUIFC,Month-to-month,Mailed check,Yes,85.2,Fiber optic
9576-SYUHJ,Month-to-month,Electronic check,Yes,91.15,Fiber optic
0410-IPFTY,Month-to-month,Bank transfer (automatic),Yes,83.85,Fiber optic
2831-EBWRN,Month-to-month,Electronic check,Yes,45.9,DSL
9430-NKQLY,Two year,Credit card (automatic),Yes,25.1,No
8414-MYSHR,Month-to-month,Electronic check,Yes,91.4,Fiber optic
0247-SLUJI,Month-to-month,Mailed check,No,19.7,No
9402-ORRAH,Month-to-month,Electronic check,Yes,91.5,Fiber optic
6483-OATDN,Month-to-month,Credit card (automatic),Yes,51.3,DSL
1293-HHSHJ,One year,Mailed check,No,21.1,No
4840-ORQXB,Month-to-month,Electronic check,No,104.75,Fiber optic
7599-FKVXZ,Month-to-month,Bank transfer (automatic),Yes,106.15,Fiber optic
3982-DQLUS,Month-to-month,Electronic check,Yes,85.75,Fiber optic
8610-ZIKJJ,One year,Mailed check,No,20.3,No
3756-VNWDH,One year,Electronic check,Yes,100.75,Fiber optic
7801-KICAO,Month-to-month,Electronic check,Yes,74.15,Fiber optic
7673-LPRNY,One year,Electronic check,Yes,78.55,DSL
8229-TNIQA,Month-to-month,Mailed check,Yes,45.3,DSL
6060-QBMGV,Two year,Credit card (automatic),No,19.85,No
7339-POGZN,Month-to-month,Electronic check,No,50.7,DSL
2828-SLQPF,Month-to-month,Bank transfer (automatic),Yes,45.0,DSL
4465-VDKIQ,Month-to-month,Electronic check,No,77.8,Fiber optic
2921-XWDJH,Month-to-month,Electronic check,Yes,83.45,Fiber optic
6221-AVQYL,Month-to-month,Credit card (automatic),Yes,73.25,Fiber optic
2558-BUOZZ,One year,Bank transfer (automatic),No,94.8,Fiber optic
9257-AZMTZ,Two year,Bank transfer (automatic),No,20.1,No
0003-MKNFE,Month-to-month,Mailed check,No,59.9,DSL
0975-UYDTX,One year,Credit card (automatic),Yes,90.1,DSL
7743-EXURX,Month-to-month,Electronic check,Yes,51.05,DSL
4682-BLBUC,One year,Electronic check,Yes,70.95,DSL
0975-VOOVL,Month-to-month,Mailed check,No,29.2,DSL
5968-VXZLG,Month-to-month,Bank transfer (automatic),Yes,46.6,DSL
5569-KGJHX,Month-to-month,Bank transfer (automatic),Yes,85.35,Fiber optic
4988-IQIGL,Month-to-month,Electronic check,Yes,75.35,Fiber optic
5201-FRKKS,Month-to-month,Bank transfer (automatic),No,74.3,Fiber optic
9799-CAYJJ,Month-to-month,Electronic check,Yes,69.3,Fiber optic
7730-IUTDZ,Month-to-month,Electronic check,Yes,75.2,Fiber optic
0426-TIRNE,Month-to-month,Mailed check,No,20.9,No
5443-SCMKX,One year,Electronic check,Yes,94.3,Fiber optic
8295-KMENE,Two year,Mailed check,Yes,76.45,DSL
6738-ISCBM,One year,Electronic check,Yes,54.0,DSL
9821-BESNZ,One year,Electronic check,Yes,104.25,Fiber optic
3678-MNGZX,Two year,Bank transfer (automatic),No,19.95,No
1335-NTIUC,Month-to-month,Electronic check,Yes,24.95,DSL
2916-BQZLN,Month-to-month,Electronic check,Yes,84.75,Fiber optic
4558-CGYCZ,Month-to-month,Mailed check,No,19.75,No
2368-GAKKQ,Two year,Bank transfer (automatic),Yes,113.65,Fiber optic
8710-YGLWG,Month-to-month,Mailed check,Yes,44.9,DSL
3199-XGZCY,Month-to-month,Electronic check,Yes,75.25,Fiber optic
3785-KTYSH,Two year,Mailed check,No,24.6,No
6814-ZPWFQ,One year,Bank transfer (automatic),No,25.0,No
4063-EIKNQ,Month-to-month,Bank transfer (automatic),No,20.95,No
6993-YCOBK,Two year,Electronic check,Yes,110.6,Fiber optic
5206-HPJKM,Month-to-month,Credit card (automatic),Yes,55.5,DSL
7587-RZNME,Month-to-month,Electronic check,Yes,43.3,DSL
0748-RDGGM,One year,Bank transfer (automatic),Yes,109.5,Fiber optic
8393-JMVMB,Month-to-month,Mailed check,No,19.45,No
5019-GQVCR,Month-to-month,Electronic check,Yes,84.85,Fiber optic
6036-TTFYU,Month-to-month,Mailed check,No,19.6,No
2550-AEVRU,One year,Electronic check,No,53.45,DSL
0969-RGKCU,One year,Credit card (automatic),No,19.8,No
0378-CJKPV,Two year,Credit card (automatic),No,112.1,Fiber optic
4706-AXVKM,Month-to-month,Credit card (automatic),Yes,84.8,Fiber optic
5889-JTMUL,Month-to-month,Electronic check,Yes,95.05,Fiber optic
9026-RNUJS,Month-to-month,Electronic check,No,50.35,DSL
3746-EUBYR,Month-to-month,Bank transfer (automatic),Yes,74.6,Fiber optic
2332-EFBJY,Month-to-month,Mailed check,Yes,19.7,No
2880-FPNAE,Month-to-month,Electronic check,Yes,74.2,Fiber optic
1703-MGIAB,Month-to-month,Mailed check,Yes,69.0,DSL
4311-QTTAI,One year,Credit card (automatic),No,19.35,No
9474-PHLYD,Month-to-month,Electronic check,Yes,59.45,DSL
4318-RAJVY,One year,Mailed check,Yes,19.8,No
2165-VOEGB,One year,Bank transfer (automatic),Yes,105.2,Fiber optic
3612-YUNGG,Two year,Credit card (automatic),Yes,109.2,Fiber optic
2254-DLXRI,Month-to-month,Mailed check,Yes,79.15,Fiber optic
5062-CJJKH,One year,Mailed check,No,53.65,DSL
9028-LIHRP,Two year,Credit card (automatic),No,100.2,Fiber optic
2219-MVUSO,Month-to-month,Mailed check,Yes,45.15,DSL
1053-MXTTK,Two year,Bank transfer (automatic),Yes,108.65,Fiber optic
1530-ZTDOZ,Month-to-month,Bank transfer (automatic),No,40.65,DSL
1301-LOPVR,One year,Credit card (automatic),Yes,55.35,DSL
0853-TWRVK,Two year,Bank transfer (automatic),No,105.6,Fiber optic
8914-RBTSB,Month-to-month,Electronic check,No,93.8,Fiber optic
6212-ATMLK,Month-to-month,Electronic check,Yes,95.7,Fiber optic
8200-LGKSR,Two year,Electronic check,No,83.2,DSL
1568-BEKZM,Two year,Credit card (automatic),No,90.05,DSL
0670-ANMUU,One year,Credit card (automatic),No,97.65,Fiber optic
6897-RWMUB,Two year,Bank transfer (automatic),Yes,68.05,DSL
0963-ZBDRN,Month-to-month,Electronic check,Yes,96.2,Fiber optic
7594-RQHXR,Month-to-month,Electronic check,Yes,79.6,Fiber optic
6999-CHVCF,Two year,Bank transfer (automatic),Yes,102.1,Fiber optic
6134-KWTBV,Two year,Bank transfer (automatic),No,23.4,No
1077-HUUJM,Month-to-month,Electronic check,Yes,71.05,Fiber optic
6331-EWIEB,Month-to-month,Electronic check,Yes,85.25,Fiber optic
0895-LNKRC,One year,Mailed check,No,19.45,No
2045-BMBTJ,Month-to-month,Bank transfer (automatic),Yes,59.45,DSL
8417-GSODA,One year,Bank transfer (automatic),No,92.2,Fiber optic
5171-EPLKN,Two year,Credit card (automatic),No,19.85,No
4452-QIIEB,Month-to-month,Mailed check,No,43.9,DSL
5998-VVEJY,Month-to-month,Electronic check,Yes,80.5,Fiber optic
1624-NALOJ,Month-to-month,Electronic check,Yes,89.8,Fiber optic
6741-EGCBI,Month-to-month,Credit card (automatic),Yes,90.5,Fiber optic
7820-ZYGNY,One year,Credit card (automatic),No,90.45,Fiber optic
4317-VTEOA,Month-to-month,Electronic check,Yes,50.75,DSL
9677-AVKED,One year,Electronic check,Yes,84.6,DSL
1670-SVOWZ,Month-to-month,Credit card (automatic),Yes,89.65,Fiber optic
2227-JRSJX,Month-to-month,Bank transfer (automatic),Yes,99.15,Fiber optic
9847-HNVGP,One year,Mailed check,No,19.95,No
6696-YDAYZ,Two year,Mailed check,No,20.5,No
8980-WQFWL,Month-to-month,Electronic check,Yes,62.1,DSL
1730-ZMAME,Month-to-month,Electronic check,Yes,79.5,Fiber optic
6506-EYCNH,Month-to-month,Bank transfer (automatic),Yes,19.55,No
4634-JLRJT,Month-to-month,Mailed check,Yes,20.35,No
9501-UKKNL,Month-to-month,Electronic check,Yes,51.7,DSL
2560-QTSBS,One year,Bank transfer (automatic),Yes,23.3,No
7541-YLXCL,One year,Mailed check,Yes,65.4,DSL
4795-WRNVT,Month-to-month,Mailed check,No,65.1,DSL
6080-TCMYC,Month-to-month,Electronic check,Yes,81.2,Fiber optic
0260-ZDLGK,Month-to-month,Mailed check,Yes,72.9,DSL
7860-UXCRM,Two year,Credit card (automatic),No,74.5,DSL
6357-JJPQT,Month-to-month,Electronic check,Yes,80.5,Fiber optic
2292-XQWSV,One year,Mailed check,No,60.3,DSL
9552-TGUZV,Month-to-month,Mailed check,Yes,75.0,Fiber optic
5913-INRQV,One year,Mailed check,No,90.15,Fiber optic
8722-NGNBH,Month-to-month,Mailed check,No,40.0,DSL
6210-KBBPI,Month-to-month,Credit card (automatic),Yes,99.45,Fiber optic
9643-YBLUR,Month-to-month,Credit card (automatic),Yes,69.05,DSL
8734-FNWVH,Month-to-month,Bank transfer (automatic),No,59.7,DSL
9447-YPTBX,One year,Bank transfer (automatic),Yes,19.85,No
0133-BMFZO,Month-to-month,Electronic check,Yes,86.25,Fiber optic
6128-CZOMY,Month-to-month,Electronic check,Yes,45.65,DSL
9540-JYROE,Month-to-month,Mailed check,Yes,70.1,Fiber optic
9026-LHEVG,Month-to-month,Electronic check,No,40.75,DSL
2260-USTRB,Month-to-month,Bank transfer (automatic),Yes,70.2,Fiber optic
3656-TKRVZ,Month-to-month,Electronic check,No,55.35,DSL
7011-CVEUC,Month-to-month,Credit card (automatic),Yes,95.7,Fiber optic
6185-TASNN,Month-to-month,Electronic check,No,46.3,DSL
7925-PNRGI,Month-to-month,Mailed check,No,81.3,DSL
8623-TMRBY,Month-to-month,Electronic check,Yes,84.2,Fiber optic
1552-CZCLL,Month-to-month,Credit card (automatic),No,20.0,No
3038-PQIUY,Month-to-month,Bank transfer (automatic),Yes,66.15,DSL
1501-SGHBW,Month-to-month,Mailed check,No,45.85,DSL
9313-CDOGY,Month-to-month,Electronic check,No,19.6,No
8148-BPLZQ,Month-to-month,Electronic check,Yes,49.8,DSL
2623-DRYAM,One year,Electronic check,Yes,101.75,Fiber optic
9987-LUTYD,One year,Mailed check,No,55.15,DSL
3208-YPIOE,Month-to-month,Electronic check,No,75.25,Fiber optic
4488-KQFDT,One year,Electronic check,Yes,103.95,Fiber optic
2612-RANWT,Month-to-month,Bank transfer (automatic),Yes,100.15,Fiber optic
5693-PIPCS,Two year,Credit card (automatic),Yes,99.65,Fiber optic
0491-KAPQG,Month-to-month,Electronic check,Yes,73.7,Fiber optic
1925-LFCZZ,One year,Bank transfer (automatic),Yes,50.05,DSL
8039-EQPIM,Two year,Bank transfer (automatic),No,60.25,DSL
6900-PXRMS,Month-to-month,Electronic check,No,105.75,Fiber optic
8707-RMEZH,One year,Credit card (automatic),No,87.3,Fiber optic
3346-BRMIS,Month-to-month,Electronic check,Yes,48.35,DSL
3209-ZPKFI,Month-to-month,Electronic check,No,54.25,DSL
6479-VDGRK,Two year,Bank transfer (automatic),No,85.3,DSL
9373-WSLOY,Month-to-month,Electronic check,Yes,50.0,DSL
2933-FILNV,Month-to-month,Mailed check,Yes,24.4,DSL
3569-JFODW,Two year,Credit card (automatic),No,90.95,DSL
9819-FBNSV,Month-to-month,Bank transfer (automatic),Yes,72.25,Fiber optic
9544-PYPSJ,Month-to-month,Credit card (automatic),Yes,96.1,Fiber optic
1591-XWLGB,Two year,Credit card (automatic),No,19.85,No
0396-UKGAI,Month-to-month,Bank transfer (automatic),Yes,55.3,DSL
3243-ZHOHY,One year,Mailed check,No,20.1,No
5186-EJEGL,Month-to-month,Mailed check,Yes,69.5,DSL
7527-QNRUS,Two year,Mailed check,Yes,25.15,No
9986-BONCE,Month-to-month,Bank transfer (automatic),No,20.95,No
2722-JMONI,Month-to-month,Electronic check,Yes,49.55,DSL
2203-GHNWN,Month-to-month,Mailed check,Yes,79.65,Fiber optic
3878-AVSOQ,Month-to-month,Electronic check,Yes,71.25,Fiber optic
3258-SYSWS,Two year,Bank transfer (automatic),No,113.8,Fiber optic
5296-PSYVW,Two year,Electronic check,No,24.55,No
6319-QSUSR,Month-to-month,Credit card (automatic),No,19.7,No
4083-EUGRJ,Month-to-month,Mailed check,No,20.25,No
7579-OOPEC,Month-to-month,Credit card (automatic),No,50.15,DSL
0512-FLFDW,One year,Credit card (automatic),Yes,100.5,Fiber optic
1771-OADNZ,Month-to-month,Electronic check,Yes,95.9,Fiber optic
0487-CRLZF,Two year,Bank transfer (automatic),Yes,74.45,DSL
2107-FBPTK,Month-to-month,Electronic check,Yes,104.1,Fiber optic
9451-WLYRI,One year,Credit card (automatic),No,19.05,No
8219-VYBVI,Two year,Mailed check,No,25.0,No
1991-VOPLL,Month-to-month,Mailed check,No,19.05,No
9738-QLWTP,One year,Electronic check,No,81.9,Fiber optic
1016-DJTSV,Month-to-month,Electronic check,Yes,69.7,Fiber optic
9419-IPPBE,One year,Electronic check,Yes,90.15,Fiber optic
0174-QRVVY,Two year,Credit card (automatic),No,25.35,No
5699-BNCAS,Two year,Mailed check,Yes,24.65,No
2900-PHPLN,Two year,Credit card (automatic),Yes,19.55,No
0612-RTZZA,Month-to-month,Electronic check,No,25.25,DSL
8106-GWQOK,Two year,Bank transfer (automatic),Yes,60.0,DSL
8751-EDEKA,Month-to-month,Credit card (automatic),No,89.9,Fiber optic
6878-GGDWG,Month-to-month,Bank transfer (automatic),No,19.4,No
4039-PIMHX,Two year,Mailed check,No,49.8,DSL
8450-LUGUK,Two year,Bank transfer (automatic),Yes,24.1,No
3604-WLABM,Month-to-month,Electronic check,No,54.25,DSL
0795-GMVQO,One year,Credit card (automatic),No,109.9,Fiber optic
2259-OUUSZ,One year,Credit card (automatic),Yes,35.5,DSL
1142-IHLOO,One year,Credit card (automatic),No,87.55,Fiber optic
6410-LEFEN,Month-to-month,Electronic check,No,45.15,DSL
4633-MKHYU,Month-to-month,Mailed check,Yes,88.4,Fiber optic
6257-RJOHI,Month-to-month,Mailed check,Yes,50.8,DSL
1545-JFUML,Two year,Electronic check,Yes,99.0,Fiber optic
3194-ORPIK,Month-to-month,Bank transfer (automatic),Yes,84.4,Fiber optic
7826-VVKWT,Two year,Electronic check,Yes,96.55,Fiber optic
1353-GHZOS,One year,Bank transfer (automatic),Yes,59.75,DSL
2587-EKXTS,Month-to-month,Electronic check,Yes,111.5,Fiber optic
5442-BXVND,Month-to-month,Bank transfer (automatic),No,24.25,No
8816-VXNZD,Month-to-month,Electronic check,Yes,75.1,Fiber optic
9378-FXTIZ,One year,Credit card (automatic),Yes,70.15,DSL
1723-HKXJQ,Month-to-month,Electronic check,Yes,101.75,Fiber optic
7825-GKXMW,Month-to-month,Electronic check,No,45.8,DSL
9753-OYLBX,Month-to-month,Mailed check,No,20.5,No
2364-UFROM,One year,Electronic check,No,70.4,DSL
6656-JWRQX,Month-to-month,Mailed check,No,30.55,DSL
6473-ULUHT,Month-to-month,Electronic check,No,84.9,DSL
1240-KNSEZ,Month-to-month,Mailed check,Yes,20.1,No
0836-SEYLU,Month-to-month,Mailed check,No,40.65,DSL
4433-JCGCG,Month-to-month,Electronic check,Yes,101.0,Fiber optic
3716-BDVDB,Month-to-month,Electronic check,Yes,69.1,Fiber optic
7688-AWMDX,Two year,Bank transfer (automatic),No,54.5,DSL
2842-BCQGE,Month-to-month,Credit card (automatic),Yes,75.35,Fiber optic
7244-QWYHG,One year,Bank transfer (automatic),Yes,44.45,DSL
5899-MQZZL,Month-to-month,Mailed check,Yes,75.0,Fiber optic
6849-OYAMU,One year,Bank transfer (automatic),No,100.0,Fiber optic
5312-UXESG,Month-to-month,Bank transfer (automatic),No,98.05,Fiber optic
9488-HGMJH,Month-to-month,Electronic check,Yes,71.15,Fiber optic
6038-GCYEC,Month-to-month,Credit card (automatic),Yes,54.15,DSL
2150-WLKUW,One year,Bank transfer (automatic),No,63.9,DSL
7159-FVYPK,Month-to-month,Bank transfer (automatic),Yes,69.15,DSL
7032-LMBHI,One year,Bank transfer (automatic),No,64.65,DSL
1150-WFARN,Two year,Credit card (automatic),Yes,108.75,Fiber optic
6088-BXMRG,Month-to-month,Electronic check,Yes,98.85,Fiber optic
3144-AUDBS,Month-to-month,Electronic check,Yes,49.15,DSL
4821-SJHJV,Month-to-month,Electronic check,No,89.6,Fiber optic
7346-MEDWM,Month-to-month,Electronic check,Yes,83.25,Fiber optic
1137-DGOWI,One year,Bank transfer (automatic),No,70.25,DSL
5616-PRTNT,Month-to-month,Electronic check,Yes,19.4,No
3812-LRZIR,Two year,Electronic check,No,24.5,No
4818-QIUFN,Month-to-month,Electronic check,Yes,79.15,Fiber optic
9483-GCPWE,One year,Mailed check,No,20.1,No
4227-OJHAL,One year,Credit card (automatic),Yes,73.0,DSL
9220-CXRSC,Two year,Credit card (automatic),No,61.4,DSL
4993-JCRGJ,Month-to-month,Mailed check,Yes,84.3,Fiber optic
9537-JALFH,Two year,Bank transfer (automatic),No,19.9,No
6698-OXETB,Two year,Mailed check,No,20.4,No
2103-ZRXFN,Month-to-month,Mailed check,No,50.75,DSL
3724-BSCVH,One year,Mailed check,No,20.45,No
4877-TSOFF,One year,Bank transfer (automatic),Yes,75.75,DSL
9209-NWPGU,One year,Electronic check,No,65.4,DSL
6961-VCPMC,Month-to-month,Electronic check,Yes,80.4,Fiber optic
7306-YDSOI,Two year,Bank transfer (automatic),Yes,59.75,DSL
5288-AHOUP,Month-to-month,Electronic check,Yes,78.5,Fiber optic
6688-UZPWD,Month-to-month,Electronic check,Yes,102.0,Fiber optic
0655-YDGFJ,Month-to-month,Bank transfer (automatic),No,48.95,DSL
8468-EHYJA,Month-to-month,Electronic check,Yes,99.65,Fiber optic
6823-SIDFQ,One year,Credit card (automatic),No,18.25,No
1097-FSPVW,Month-to-month,Credit card (automatic),No,54.55,DSL
2839-RFSQE,Month-to-month,Mailed check,No,20.65,No
8328-SKJNO,One year,Bank transfer (automatic),No,40.65,DSL
7010-ZMVBF,Month-to-month,Mailed check,No,20.45,No
5201-CBWYG,One year,Bank transfer (automatic),No,24.8,No
0968-GSIKN,Month-to-month,Mailed check,Yes,70.8,Fiber optic
1965-DDBWU,Month-to-month,Credit card (automatic),Yes,89.05,Fiber optic
9057-SIHCH,Month-to-month,Electronic check,Yes,96.6,Fiber optic
6352-GIGGQ,One year,Bank transfer (automatic),Yes,88.8,DSL
3635-QQRQD,Two year,Credit card (automatic),Yes,20.05,No
6771-XWBDM,Month-to-month,Credit card (automatic),Yes,104.5,Fiber optic
2897-DOVND,Month-to-month,Electronic check,Yes,69.8,Fiber optic
3082-YVEKW,Two year,Bank transfer (automatic),Yes,77.15,DSL
0191-EQUUH,Two year,Bank transfer (automatic),No,35.05,DSL
7134-HBPBS,Two year,Bank transfer (automatic),Yes,108.1,Fiber optic
3489-HHPFY,Month-to-month,Electronic check,Yes,84.05,Fiber optic
2926-JEJJC,One year,Bank transfer (automatic),Yes,20.2,No
8601-QACRS,Month-to-month,Mailed check,Yes,50.6,DSL
4950-BDEUX,Month-to-month,Electronic check,No,49.2,DSL
5789-LDFXO,One year,Electronic check,No,24.6,No
0508-OOLTO,Month-to-month,Electronic check,Yes,71.65,Fiber optic
2984-TBYKU,Two year,Credit card (automatic),Yes,104.9,Fiber optic
9822-WMWVG,Month-to-month,Electronic check,Yes,106.5,Fiber optic
2391-SOORI,Month-to-month,Electronic check,No,49.35,DSL
9040-KZVWO,One year,Bank transfer (automatic),No,75.5,Fiber optic
2645-QTLMB,Month-to-month,Electronic check,Yes,94.25,Fiber optic
4806-HIPDW,Month-to-month,Electronic check,Yes,68.95,Fiber optic
1548-ARAGG,Month-to-month,Mailed check,Yes,58.5,DSL
6339-RZCBJ,Two year,Credit card (automatic),No,78.9,DSL
4424-TKOPW,Month-to-month,Electronic check,Yes,93.85,Fiber optic
4415-WNGVR,One year,Electronic check,Yes,79.2,DSL
2522-AHJXR,Month-to-month,Bank transfer (automatic),Yes,109.45,Fiber optic
0412-UCCNP,Two year,Electronic check,Yes,59.2,DSL
1816-FLZDK,Month-to-month,Mailed check,No,29.15,DSL
7096-UCLNH,Month-to-month,Mailed check,No,20.05,No
8443-ZRDBZ,Month-to-month,Electronic check,Yes,76.05,Fiber optic
9136-ALYBR,Month-to-month,Mailed check,Yes,24.45,DSL
4615-PIVVU,Two year,Credit card (automatic),No,66.5,DSL
8885-QSQBX,Month-to-month,Bank transfer (automatic),No,49.55,DSL
7479-NITWS,Month-to-month,Credit card (automatic),Yes,89.35,Fiber optic
8617-ENBDS,Month-to-month,Credit card (automatic),Yes,73.6,Fiber optic
9385-NXKDA,Two year,Credit card (automatic),Yes,82.65,DSL
0430-IHCDJ,Month-to-month,Electronic check,Yes,49.0,DSL
2959-MJHIC,Month-to-month,Electronic check,Yes,80.35,Fiber optic
6674-KVJHG,One year,Electronic check,No,25.2,No
1814-DKOLC,Month-to-month,Mailed check,No,25.45,No
4201-JMNGR,Month-to-month,Electronic check,Yes,55.8,DSL
9351-HXDMR,Two year,Credit card (automatic),Yes,110.9,Fiber optic
3537-HPKQT,Month-to-month,Credit card (automatic),Yes,77.75,Fiber optic
2129-ALKBS,Month-to-month,Electronic check,Yes,26.2,No
5821-MMEIL,Two year,Bank transfer (automatic),No,19.9,No
5960-WPXQM,Month-to-month,Electronic check,Yes,79.05,Fiber optic
0684-AOSIH,Month-to-month,Electronic check,Yes,95.0,Fiber optic
8260-NGFNY,Month-to-month,Mailed check,No,25.2,DSL
1309-XGFSN,One year,Electronic check,Yes,80.85,DSL
1866-RZZQS,Month-to-month,Electronic check,Yes,98.4,Fiber optic
6968-URWQU,One year,Mailed check,Yes,56.35,DSL
4742-TXUEX,Two year,Bank transfer (automatic),No,19.3,No
9631-XEYKE,Month-to-month,Bank transfer (automatic),No,50.4,DSL
8631-NBHFZ,Two year,Credit card (automatic),No,79.4,DSL
1335-MXCSE,Two year,Credit card (automatic),Yes,55.25,DSL
8873-TMKGR,One year,Mailed check,No,19.1,No
8800-JOOCF,Month-to-month,Electronic check,Yes,84.05,Fiber optic
1469-LBJQJ,Month-to-month,Electronic check,Yes,105.2,Fiber optic
4958-XCBDQ,Month-to-month,Electronic check,Yes,101.4,Fiber optic
8337-UPOAQ,Month-to-month,Electronic check,Yes,89.8,Fiber optic
0064-YIJGF,Month-to-month,Bank transfer (automatic),Yes,75.75,Fiber optic
2386-OWURY,Month-to-month,Electronic check,Yes,95.3,Fiber optic
1725-IQNIY,Two year,Bank transfer (automatic),No,109.75,Fiber optic
0310-VQXAM,Month-to-month,Mailed check,No,19.85,No
6598-RFFVI,One year,Credit card (automatic),No,19.3,No
3453-RTHJQ,Month-to-month,Electronic check,Yes,69.1,Fiber optic
6712-OAWRH,Month-to-month,Electronic check,Yes,91.25,Fiber optic
6278-FEPBZ,Month-to-month,Mailed check,No,20.25,No
4280-DLSHD,Month-to-month,Mailed check,Yes,54.75,DSL
1508-DFXCU,Month-to-month,Electronic check,Yes,81.45,Fiber optic
8614-VGMMV,Month-to-month,Electronic check,Yes,49.1,DSL
7868-BGSZA,One year,Electronic check,Yes,80.2,DSL
2800-QQUSO,Month-to-month,Electronic check,Yes,100.3,Fiber optic
2930-UOTMB,Month-to-month,Credit card (automatic),No,65.25,DSL
7973-DZRKH,Two year,Credit card (automatic),Yes,90.95,Fiber optic
5914-DVBWJ,Month-to-month,Electronic check,Yes,85.45,Fiber optic
7698-YFGEZ,Month-to-month,Mailed check,No,20.0,No
2533-QVMSK,Two year,Electronic check,Yes,94.1,Fiber optic
9773-PEQBZ,Month-to-month,Electronic check,No,79.85,Fiber optic
8644-XLFBW,Month-to-month,Electronic check,Yes,71.65,Fiber optic
0650-BWOZN,Month-to-month,Electronic check,Yes,73.55,Fiber optic
8625-AZYZY,Month-to-month,Electronic check,Yes,104.65,Fiber optic
7785-RDVIG,Month-to-month,Mailed check,No,19.3,No
9602-WCXPI,One year,Credit card (automatic),No,20.15,No
2903-YYTBW,Month-to-month,Electronic check,No,44.55,DSL
3620-MWJNE,Month-to-month,Mailed check,Yes,54.45,DSL
8573-JGCZW,One year,Bank transfer (automatic),Yes,19.65,No
6837-HAEVO,Two year,Electronic check,Yes,105.0,Fiber optic
6701-YVNQG,Two year,Credit card (automatic),Yes,88.7,DSL
9306-CPCBC,Month-to-month,Electronic check,Yes,74.25,Fiber optic
4304-XUMGI,Two year,Bank transfer (automatic),Yes,75.15,DSL
9504-YAZWB,Two year,Mailed check,No,20.25,No
8819-ZBYNA,Two year,Credit card (automatic),Yes,109.1,Fiber optic
6174-NRBTZ,One year,Bank transfer (automatic),Yes,30.75,DSL
9481-IEBZY,Month-to-month,Credit card (automatic),Yes,112.9,Fiber optic
1833-VGRUM,Month-to-month,Electronic check,Yes,74.2,Fiber optic
6137-NICCO,Month-to-month,Mailed check,Yes,94.05,Fiber optic
9065-ZCPQX,Two year,Bank transfer (automatic),No,78.85,DSL
6402-EJMWF,Month-to-month,Mailed check,Yes,55.3,DSL
3620-EHIMZ,Two year,Mailed check,No,19.35,No
3213-VVOLG,Two year,Mailed check,No,25.35,No
6870-ECSHE,One year,Mailed check,No,20.45,No
8747-UDCOI,Two year,Bank transfer (automatic),No,19.35,No
8374-XGEJJ,Month-to-month,Electronic check,Yes,101.0,Fiber optic
2656-TABEH,Month-to-month,Electronic check,Yes,100.2,Fiber optic
6946-LMSQS,One year,Electronic check,Yes,89.05,Fiber optic
4626-OZDTJ,One year,Credit card (automatic),Yes,78.65,DSL
9169-BSVIN,Month-to-month,Bank transfer (automatic),No,74.75,DSL
2325-ZUSFD,One year,Bank transfer (automatic),Yes,70.1,DSL
8194-PEEBY,One year,Mailed check,No,19.9,No
6872-HXFNF,One year,Bank transfer (automatic),No,58.35,DSL
3932-CMDTD,One year,Electronic check,Yes,105.65,Fiber optic
7714-YXSMB,Month-to-month,Bank transfer (automatic),Yes,100.5,Fiber optic
8387-UGUSU,Month-to-month,Mailed check,No,20.05,No
1080-BWSYE,Two year,Credit card (automatic),No,25.65,No
4039-HEUNW,Month-to-month,Electronic check,Yes,96.5,Fiber optic
1194-HVAIF,Month-to-month,Credit card (automatic),No,95.0,Fiber optic
0812-WUPTB,Month-to-month,Mailed check,No,70.85,Fiber optic
3594-UVONA,One year,Credit card (automatic),Yes,85.95,DSL
0004-TLHLJ,Month-to-month,Electronic check,Yes,73.9,Fiber optic
1767-TGTKO,Month-to-month,Electronic check,Yes,45.45,DSL
8439-LTUGF,Month-to-month,Credit card (automatic),Yes,20.0,No
8805-JNRAZ,Month-to-month,Mailed check,No,49.2,DSL
5089-IFSDP,Two year,Bank transfer (automatic),Yes,109.45,Fiber optic
6418-HNFED,Two year,Credit card (automatic),Yes,83.25,DSL
0206-OYVOC,Two year,Mailed check,Yes,19.25,No
7291-CDTMJ,Month-to-month,Bank transfer (automatic),Yes,19.65,No
7128-GGCNO,Month-to-month,Bank transfer (automatic),No,72.8,Fiber optic
0237-YFUTL,Month-to-month,Bank transfer (automatic),Yes,109.65,Fiber optic
7691-KGKGP,Month-to-month,Credit card (automatic),No,65.0,DSL
6710-HSJRD,Month-to-month,Electronic check,Yes,114.1,Fiber optic
3675-EQOZA,Month-to-month,Bank transfer (automatic),No,20.65,No
0840-DCNZE,One year,Bank transfer (automatic),Yes,86.95,DSL
1732-FEKLD,One year,Bank transfer (automatic),Yes,94.75,Fiber optic
9862-KJTYK,Month-to-month,Credit card (automatic),Yes,25.35,DSL
0479-HMSWA,Two year,Electronic check,Yes,105.45,Fiber optic
5854-KSRBJ,Two year,Mailed check,No,25.4,No
0365-BZUWY,Month-to-month,Electronic check,Yes,102.55,Fiber optic
4817-VYYWS,Month-to-month,Electronic check,Yes,100.2,Fiber optic
5701-SVCWR,Month-to-month,Mailed check,No,24.0,No
3129-AAQOU,Two year,Mailed check,No,25.6,No
4922-CVPDX,Two year,Credit card (automatic),Yes,73.5,DSL
1396-QWFBJ,Month-to-month,Bank transfer (automatic),Yes,74.05,Fiber optic
1357-BIJKI,One year,Electronic check,Yes,98.25,Fiber optic
1099-BTKWT,One year,Electronic check,Yes,54.4,DSL
5299-SJCZT,Month-to-month,Bank transfer (automatic),Yes,101.55,Fiber optic
2018-PZKMU,Month-to-month,Electronic check,No,103.1,Fiber optic
7340-KEFQE,Two year,Bank transfer (automatic),No,34.2,DSL
4570-QHXHL,Month-to-month,Electronic check,Yes,43.75,DSL
2403-BCASL,One year,Electronic check,Yes,111.95,Fiber optic
7392-YYPYJ,Month-to-month,Electronic check,Yes,100.65,Fiber optic
2898-LSJGD,One year,Electronic check,Yes,55.95,DSL
2223-GDSHL,Two year,Bank transfer (automatic),Yes,116.05,Fiber optic
7359-PTSXY,Month-to-month,Electronic check,No,45.75,DSL
9470-RTWDV,One year,Credit card (automatic),Yes,82.0,DSL
2176-OSJUV,Two year,Bank transfer (automatic),No,65.15,DSL
9348-YVOMK,Month-to-month,Credit card (automatic),Yes,44.8,DSL
8104-OSKWT,Month-to-month,Electronic check,Yes,79.8,Fiber optic
4521-YEEHE,Month-to-month,Electronic check,Yes,88.85,Fiber optic
4090-KPJIP,Month-to-month,Electronic check,Yes,74.95,Fiber optic
3786-WOVKF,One year,Bank transfer (automatic),Yes,106.85,Fiber optic
4503-BDXBD,Month-to-month,Electronic check,No,74.95,Fiber optic
6086-ESGRL,Month-to-month,Credit card (automatic),No,80.15,Fiber optic
2592-HODOV,One year,Credit card (automatic),No,19.3,No
3886-CERTZ,One year,Electronic check,Yes,109.25,Fiber optic
7995-ZHHNZ,One year,Credit card (automatic),No,56.1,DSL
3824-RHKVR,Month-to-month,Credit card (automatic),No,19.7,No
5816-SCGFC,Month-to-month,Mailed check,Yes,51.3,DSL
5989-AXPUC,Two year,Mailed check,No,118.6,Fiber optic
4979-HPRFL,Two year,Bank transfer (automatic),No,24.15,No
8590-OHDIW,One year,Mailed check,No,20.3,No
8015-IHCGW,Two year,Electronic check,Yes,115.5,Fiber optic
2332-TODQS,One year,Credit card (automatic),No,25.05,No
9278-VZKCD,Month-to-month,Electronic check,Yes,109.1,Fiber optic
8008-OTEZX,One year,Mailed check,No,19.65,No
2773-OVBPK,Two year,Bank transfer (automatic),Yes,111.3,Fiber optic
5999-LCXAO,Month-to-month,Mailed check,No,29.9,DSL
5206-XZZQI,Month-to-month,Mailed check,Yes,80.6,Fiber optic
4803-LBYPN,Month-to-month,Mailed check,No,20.8,No
5759-RCVCB,Month-to-month,Credit card (automatic),No,35.2,DSL
6372-RFVNS,Month-to-month,Electronic check,No,78.8,Fiber optic
2139-FQHLM,Month-to-month,Mailed check,No,89.95,Fiber optic
8261-GWDBQ,Two year,Bank transfer (automatic),Yes,116.05,Fiber optic
1093-YSWCA,Two year,Credit card (automatic),No,19.55,No
8938-UMKPI,Month-to-month,Electronic check,Yes,106.4,Fiber optic
0991-BRRFB,Month-to-month,Electronic check,No,49.4,DSL
3882-IYOIJ,Two year,Credit card (automatic),No,115.25,Fiber optic
8749-TZYEC,Two year,Credit card (automatic),No,24.8,No
1755-FZQEC,One year,Mailed check,No,19.9,No
3115-JPJDD,One year,Credit card (automatic),Yes,81.25,Fiber optic
5600-KTXFM,Month-to-month,Mailed check,No,69.95,Fiber optic
3871-IKPYH,Month-to-month,Electronic check,No,69.1,Fiber optic
6319-IEJWJ,Month-to-month,Electronic check,Yes,90.2,Fiber optic
9025-AOMKI,Month-to-month,Bank transfer (automatic),Yes,93.55,Fiber optic
6339-TBELP,Two year,Credit card (automatic),Yes,86.4,Fiber optic
7964-YESJC,Month-to-month,Mailed check,No,66.3,DSL
6173-GOLSU,Month-to-month,Credit card (automatic),Yes,94.65,Fiber optic
5275-SQEIZ,Month-to-month,Mailed check,Yes,80.85,Fiber optic
7716-YTYHG,One year,Mailed check,Yes,82.05,Fiber optic
9938-ZREHM,One year,Mailed check,No,72.1,DSL
7950-XWOVN,Month-to-month,Mailed check,No,34.7,DSL
4390-KYULV,Month-to-month,Credit card (automatic),Yes,20.55,No
4647-MUZON,Month-to-month,Credit card (automatic),Yes,95.95,Fiber optic
9702-AIUJO,One year,Bank transfer (automatic),Yes,44.8,DSL
8849-PRIQJ,One year,Electronic check,Yes,109.4,Fiber optic
8851-RAGOV,Month-to-month,Mailed check,Yes,71.05,DSL
1304-NECVQ,Month-to-month,Electronic check,Yes,78.55,Fiber optic
5396-IZEPB,Month-to-month,Credit card (automatic),No,19.7,No
1729-VLAZJ,One year,Mailed check,No,40.25,DSL
8285-ABVLB,Two year,Credit card (automatic),No,19.85,No
0701-TJSEF,Month-to-month,Bank transfer (automatic),Yes,68.25,DSL
5712-VBOXD,Month-to-month,Credit card (automatic),Yes,20.15,No
6629-LADHQ,Month-to-month,Mailed check,No,50.95,DSL
8945-GRKHX,Month-to-month,Electronic check,No,78.65,Fiber optic
1559-DTODC,Month-to-month,Bank transfer (automatic),Yes,25.15,DSL
4797-MIWUM,Month-to-month,Bank transfer (automatic),Yes,20.25,No
6959-UWKHF,Month-to-month,Electronic check,Yes,42.9,DSL
8720-RQSBJ,Month-to-month,Electronic check,No,44.0,DSL
4537-CIBHB,One year,Mailed check,No,20.25,No
3815-SLMEF,Month-to-month,Mailed check,No,34.25,DSL
5154-VEKBL,Month-to-month,Mailed check,No,58.5,DSL
4324-AHJKS,Month-to-month,Credit card (automatic),No,55.8,DSL
4355-CVPVS,One year,Bank transfer (automatic),No,88.9,Fiber optic
4495-LHSSK,Month-to-month,Mailed check,No,57.65,DSL
5655-JSMZM,Month-to-month,Electronic check,Yes,96.2,Fiber optic
5915-ANOEI,Two year,Mailed check,No,79.15,DSL
9861-PDSZP,Two year,Credit card (automatic),Yes,108.05,Fiber optic
4505-EXZHB,Month-to-month,Electronic check,No,74.4,Fiber optic
7225-CBZPL,Month-to-month,Electronic check,Yes,94.8,Fiber optic
6704-UTUKK,Month-to-month,Electronic check,Yes,45.9,DSL
4587-VVTOX,Month-to-month,Electronic check,Yes,105.3,Fiber optic
2019-HDCZY,Two year,Electronic check,No,102.6,Fiber optic
4652-NNHNY,Month-to-month,Bank transfer (automatic),Yes,73.85,Fiber optic
8788-DOXSU,One year,Bank transfer (automatic),Yes,61.35,DSL
7404-JLKQG,Month-to-month,Electronic check,No,57.55,DSL
7421-ZLUPA,Month-to-month,Mailed check,Yes,29.25,DSL
8972-HJWNV,Month-to-month,Electronic check,Yes,84.55,Fiber optic
3274-NSDWE,Two year,Credit card (automatic),No,19.6,No
2632-IVXVF,Two year,Credit card (automatic),No,111.75,Fiber optic
3692-JHONH,One year,Electronic check,Yes,106.5,Fiber optic
8915-NNTRC,Two year,Credit card (automatic),Yes,107.7,Fiber optic
5914-GXMDA,One year,Mailed check,No,19.3,No
7463-IFMQU,Two year,Bank transfer (automatic),No,20.05,No
2920-RNCEZ,Month-to-month,Credit card (automatic),Yes,69.95,Fiber optic
2541-YGPKE,One year,Credit card (automatic),No,63.7,DSL
8515-OCTJS,Two year,Credit card (automatic),No,24.75,No
5382-TEMLV,Month-to-month,Bank transfer (automatic),Yes,50.9,DSL
3441-CGZJH,One year,Credit card (automatic),Yes,60.4,DSL
9592-ERDKV,One year,Mailed check,No,79.25,DSL
2860-RANUS,Month-to-month,Credit card (automatic),Yes,85.8,Fiber optic
5261-QSHQM,Month-to-month,Electronic check,Yes,24.45,DSL
4778-IZARL,Two year,Credit card (automatic),Yes,110.1,Fiber optic
0432-CAJZV,Month-to-month,Mailed check,No,90.7,Fiber optic
7008-LZVOZ,Two year,Credit card (automatic),Yes,25.3,No
8868-WOZGU,Month-to-month,Electronic check,Yes,105.7,Fiber optic
1200-TUZHR,Month-to-month,Electronic check,No,85.2,Fiber optic
9365-CSLBQ,Two year,Mailed check,No,24.35,No
1334-FJSVR,Month-to-month,Electronic check,Yes,24.25,DSL
5884-FBCTL,Two year,Bank transfer (automatic),No,25.1,No
7130-CTCUS,Month-to-month,Bank transfer (automatic),Yes,54.55,DSL
6242-FEGFD,Two year,Mailed check,No,96.6,Fiber optic
7625-XCQRH,Month-to-month,Electronic check,Yes,76.5,Fiber optic
6194-HBGQN,One year,Credit card (automatic),Yes,81.15,DSL
7634-WSWDB,Month-to-month,Electronic check,Yes,38.5,DSL
6986-IXNDM,Month-to-month,Electronic check,Yes,92.9,Fiber optic
1731-TVIUK,Month-to-month,Electronic check,Yes,93.5,Fiber optic
2987-BJXIK,Two year,Mailed check,No,84.7,DSL
9769-TSBZE,Two year,Electronic check,No,66.0,DSL
0406-BPDVR,One year,Credit card (automatic),Yes,101.5,Fiber optic
0618-XWMSS,Month-to-month,Bank transfer (automatic),Yes,74.9,Fiber optic
1395-WSWXR,Two year,Mailed check,No,20.75,No
6023-GSSXW,Two year,Credit card (automatic),Yes,61.45,DSL
6752-APNJL,Month-to-month,Mailed check,No,54.5,DSL
5276-KQWHG,Month-to-month,Electronic check,Yes,69.6,Fiber optic
0420-HLGXF,Month-to-month,Electronic check,Yes,99.75,Fiber optic
7446-KQISO,Two year,Bank transfer (automatic),Yes,109.75,Fiber optic
9823-EALYC,Two year,Bank transfer (automatic),Yes,80.85,DSL
0582-AVCLN,Two year,Mailed check,No,20.3,No
5803-NQJZO,Two year,Bank transfer (automatic),Yes,67.8,DSL
2565-JSLRY,Month-to-month,Mailed check,Yes,24.05,No
2607-DHDAK,Two year,Credit card (automatic),Yes,19.8,No
1073-XXCZD,Two year,Bank transfer (automatic),No,25.7,No
0743-HRVFF,One year,Electronic check,Yes,56.15,DSL
4006-HKYHO,Two year,Bank transfer (automatic),Yes,86.7,DSL
3727-JEZTU,Month-to-month,Mailed check,No,20.4,No
8143-ETQTI,Two year,Mailed check,Yes,19.65,No
6689-KXGBO,Month-to-month,Electronic check,No,50.55,DSL
9667-TKTVZ,Month-to-month,Mailed check,Yes,54.35,DSL
3657-COGMW,Month-to-month,Credit card (automatic),No,108.1,Fiber optic
8570-KLJYJ,One year,Mailed check,No,54.45,DSL
7754-IXRMC,Month-to-month,Mailed check,No,45.35,DSL
9473-CBZOP,One year,Mailed check,No,59.0,DSL
2969-WGHQO,One year,Electronic check,No,69.45,DSL
6615-NGGZJ,Month-to-month,Electronic check,Yes,100.55,Fiber optic
4334-HOWRP,Two year,Credit card (automatic),Yes,64.95,DSL
4255-DDUOU,Month-to-month,Mailed check,Yes,20.5,No
5863-OOKCL,Month-to-month,Mailed check,No,18.85,No
1686-STUHN,One year,Bank transfer (automatic),No,19.8,No
1329-VHWNP,Month-to-month,Bank transfer (automatic),No,25.05,DSL
2984-MIIZL,Month-to-month,Bank transfer (automatic),Yes,74.8,Fiber optic
0266-GMEAO,Two year,Credit card (automatic),Yes,114.3,Fiber optic
5590-YRFJT,Month-to-month,Electronic check,Yes,24.45,DSL
5574-NXZIU,Two year,Credit card (automatic),No,109.2,Fiber optic
0019-GFNTW,Two year,Bank transfer (automatic),No,45.05,DSL
4256-ZWTZI,Month-to-month,Mailed check,Yes,51.0,DSL
8309-PPCED,Two year,Bank transfer (automatic),Yes,110.45,Fiber optic
4098-NAUKP,Month-to-month,Electronic check,Yes,84.65,Fiber optic
5196-WPYOW,One year,Mailed check,No,60.05,DSL
4608-LCIMN,Month-to-month,Bank transfer (automatic),No,44.65,DSL
1485-YDHMM,Month-to-month,Bank transfer (automatic),Yes,93.25,Fiber optic
4054-CUMIA,Month-to-month,Mailed check,Yes,20.25,No
0603-TPMIB,Two year,Mailed check,No,25.45,No
2525-GVKQU,Two year,Mailed check,No,20.6,No
8161-QYMTT,Month-to-month,Electronic check,Yes,94.1,Fiber optic
9581-GVBXT,One year,Mailed check,No,34.8,DSL
5862-BRIXZ,Two year,Bank transfer (automatic),Yes,60.75,DSL
5404-GGUKR,Month-to-month,Electronic check,Yes,51.35,DSL
3308-JSGML,Two year,Credit card (automatic),Yes,64.05,DSL
2126-GSEGL,Two year,Bank transfer (automatic),Yes,84.8,DSL
3677-TNKIO,Month-to-month,Credit card (automatic),Yes,71.0,Fiber optic
0440-QEXBZ,Month-to-month,Mailed check,Yes,50.15,DSL
2434-EEVDB,Two year,Credit card (automatic),Yes,94.6,Fiber optic
6762-QVYJO,Two year,Mailed check,No,59.75,DSL
6199-IWKGC,One year,Electronic check,No,100.25,Fiber optic
2675-DHUTR,Month-to-month,Electronic check,Yes,98.9,Fiber optic
8152-VETUR,Two year,Credit card (automatic),Yes,97.7,Fiber optic
9667-EQRXU,Month-to-month,Electronic check,Yes,40.3,DSL
7446-YPODE,Month-to-month,Bank transfer (automatic),No,60.25,DSL
9522-BNTHX,Month-to-month,Electronic check,Yes,56.25,DSL
4676-WLUHT,Two year,Bank transfer (automatic),No,46.2,DSL
3329-WDIOK,Month-to-month,Electronic check,Yes,50.6,DSL
7980-MHFLQ,Two year,Mailed check,No,24.9,No
2873-ZLIWT,Month-to-month,Electronic check,Yes,84.85,Fiber optic
3415-TAILE,Month-to-month,Mailed check,No,65.7,DSL
0757-WCUUZ,Two year,Credit card (automatic),No,63.35,DSL
1629-DQQVB,Month-to-month,Bank transfer (automatic),No,50.1,DSL
1915-IOFGU,Month-to-month,Electronic check,No,70.5,Fiber optic
3045-XETSH,Month-to-month,Electronic check,Yes,94.85,Fiber optic
0374-AACSZ,Month-to-month,Electronic check,No,50.15,DSL
7239-HZZCX,Month-to-month,Mailed check,No,19.75,No
4872-VXRIL,One year,Bank transfer (automatic),Yes,64.65,DSL
9140-CZQZZ,Two year,Bank transfer (automatic),Yes,79.6,DSL
3423-HHXAO,One year,Mailed check,Yes,19.5,No
9938-TKDGL,Two year,Electronic check,Yes,99.55,Fiber optic
0531-ZZJWQ,Month-to-month,Electronic check,Yes,74.0,Fiber optic
6537-QLGEX,Month-to-month,Electronic check,Yes,38.9,DSL
2688-BHGOG,Month-to-month,Electronic check,Yes,79.55,Fiber optic
7683-CBDKJ,Month-to-month,Electronic check,Yes,65.45,DSL
0946-CLJTI,Month-to-month,Electronic check,Yes,98.7,Fiber optic
3160-TYXLT,Month-to-month,Bank transfer (automatic),Yes,46.3,DSL
1325-USMEC,Two year,Credit card (automatic),Yes,99.35,Fiber optic
0916-QOFDP,Month-to-month,Electronic check,Yes,95.8,Fiber optic
0628-CNQRM,One year,Bank transfer (automatic),Yes,67.5,DSL
5606-AMZBO,Month-to-month,Credit card (automatic),Yes,78.15,Fiber optic
6199-IPCAO,Two year,Mailed check,No,26.1,No
7665-TOALD,Month-to-month,Electronic check,Yes,69.6,Fiber optic
0112-QWPNC,One year,Electronic check,No,84.35,DSL
0324-BRPCJ,Month-to-month,Electronic check,Yes,100.2,Fiber optic
2777-PHDEI,Month-to-month,Electronic check,No,78.05,Fiber optic
5640-CAXOA,One year,Credit card (automatic),Yes,40.35,DSL
2235-EZAIK,Two year,Credit card (automatic),No,79.2,DSL
3847-BAERP,Month-to-month,Mailed check,Yes,20.9,No
1196-AMORA,Month-to-month,Electronic check,No,73.6,Fiber optic
4282-YMKNA,Month-to-month,Electronic check,Yes,74.75,Fiber optic
1453-RZFON,Month-to-month,Mailed check,No,49.9,DSL
8263-OKETD,Month-to-month,Credit card (automatic),Yes,68.9,DSL
0670-KDOMA,Month-to-month,Mailed check,Yes,20.25,No
2476-YGEFM,Month-to-month,Credit card (automatic),Yes,76.0,Fiber optic
8687-BAFGU,Month-to-month,Electronic check,No,74.0,Fiber optic
0641-EVBOJ,Month-to-month,Mailed check,Yes,82.3,Fiber optic
0829-XXPLX,Month-to-month,Bank transfer (automatic),Yes,89.4,Fiber optic
9974-JFBHQ,Month-to-month,Credit card (automatic),Yes,99.15,Fiber optic
5356-RHIPP,Month-to-month,Mailed check,Yes,20.2,No
6624-JDRDS,Month-to-month,Bank transfer (automatic),No,29.45,DSL
0608-JDVEC,Two year,Electronic check,No,19.8,No
9780-FKVVF,Month-to-month,Bank transfer (automatic),Yes,59.15,DSL
1919-RTPQD,Month-to-month,Electronic check,No,44.75,DSL
5214-NLTIT,Two year,Credit card (automatic),Yes,90.8,Fiber optic
3345-PBBFH,Month-to-month,Bank transfer (automatic),Yes,49.55,DSL
5055-BRMNE,Two year,Credit card (automatic),No,106.7,Fiber optic
9189-JWSHV,Month-to-month,Electronic check,Yes,93.55,Fiber optic
2190-PHBHR,Two year,Credit card (automatic),Yes,94.45,Fiber optic
2650-GYRYL,One year,Bank transfer (automatic),Yes,19.45,No
0746-JTRFU,Month-to-month,Electronic check,Yes,25.05,DSL
5208-FVQKB,Two year,Mailed check,No,67.95,DSL
7184-LRUUR,One year,Bank transfer (automatic),No,65.25,DSL
6627-CFOSN,Month-to-month,Bank transfer (automatic),Yes,99.45,Fiber optic
3982-JGSFD,One year,Credit card (automatic),Yes,20.35,No
1574-DYCWE,Two year,Mailed check,No,19.95,No
7247-XOZPB,One year,Bank transfer (automatic),No,77.4,DSL
2466-FCCPT,One year,Bank transfer (automatic),No,19.7,No
6211-WWLTF,Two year,Credit card (automatic),No,99.7,Fiber optic
4826-TZEVA,Month-to-month,Credit card (automatic),No,74.8,Fiber optic
6016-NXBNJ,One year,Mailed check,Yes,19.15,No
9138-EFSMO,One year,Bank transfer (automatic),No,78.95,Fiber optic
0576-WNXXC,Month-to-month,Electronic check,Yes,95.55,Fiber optic
4632-XJMEX,One year,Credit card (automatic),No,62.85,DSL
8910-LEDAG,Month-to-month,Credit card (automatic),No,71.55,Fiber optic
3452-GWUIN,Month-to-month,Electronic check,Yes,94.95,Fiber optic
2716-GFZOR,Month-to-month,Credit card (automatic),Yes,86.1,Fiber optic
3724-UCSHY,Month-to-month,Mailed check,No,19.55,No
8626-XHBIE,Two year,Mailed check,Yes,24.8,No
4628-CTTLA,Month-to-month,Electronic check,Yes,39.3,DSL
3192-LNKRK,Month-to-month,Mailed check,Yes,84.05,Fiber optic
4439-YRNVD,Month-to-month,Electronic check,No,36.25,DSL
2876-VBBBL,Month-to-month,Mailed check,Yes,20.25,No
6834-NXDCA,Month-to-month,Electronic check,Yes,23.9,DSL
2208-UGTGR,Month-to-month,Electronic check,No,98.6,Fiber optic
3005-TYFRD,Month-to-month,Credit card (automatic),Yes,103.65,Fiber optic
8670-MEFCP,Two year,Credit card (automatic),Yes,92.9,DSL
3079-BCHLN,One year,Bank transfer (automatic),No,19.9,No
7777-UNYHB,Month-to-month,Credit card (automatic),Yes,20.1,No
5597-GLBUC,Month-to-month,Electronic check,Yes,85.45,Fiber optic
7278-CKDNC,Month-to-month,Electronic check,Yes,80.5,Fiber optic
2748-MYRVK,One year,Bank transfer (automatic),No,99.9,Fiber optic
8450-UYIBU,Month-to-month,Electronic check,Yes,39.85,DSL
2969-VAPYH,One year,Credit card (automatic),No,60.5,DSL
4822-YCXMX,Month-to-month,Electronic check,Yes,84.8,Fiber optic
7181-OQCUT,Month-to-month,Mailed check,No,103.85,Fiber optic
8474-UMLNT,Month-to-month,Bank transfer (automatic),No,67.8,DSL
9821-POOTN,Month-to-month,Electronic check,Yes,75.2,Fiber optic
3836-FZSDJ,Two year,Bank transfer (automatic),No,24.85,No
9142-XMYJH,Month-to-month,Credit card (automatic),No,19.35,No
6559-ILWKJ,Two year,Electronic check,No,49.35,DSL
0187-QSXOE,Month-to-month,Electronic check,Yes,89.0,Fiber optic
7733-UDMTP,Month-to-month,Electronic check,Yes,55.0,DSL
2649-HWLYB,Two year,Bank transfer (automatic),No,76.15,DSL
5214-CHIWJ,One year,Mailed check,No,20.3,No
4229-CZMLL,Month-to-month,Electronic check,Yes,74.9,Fiber optic
6904-JLBGY,Two year,Credit card (automatic),Yes,117.35,Fiber optic
2465-BLLEU,Month-to-month,Mailed check,Yes,19.75,No
1685-VAYJF,Month-to-month,Credit card (automatic),No,45.2,DSL
8874-EJNSR,Two year,Mailed check,No,25.2,No
6917-YACBP,Month-to-month,Electronic check,Yes,89.75,Fiber optic
5049-MUBWG,One year,Bank transfer (automatic),No,75.0,DSL
4223-WOZCM,Month-to-month,Mailed check,No,49.95,DSL
0769-MURVM,Two year,Bank transfer (automatic),No,65.7,DSL
9253-VIFJQ,One year,Credit card (automatic),No,67.05,DSL
7030-FZTFM,Two year,Credit card (automatic),No,110.9,Fiber optic
9741-YLNTD,Month-to-month,Bank transfer (automatic),Yes,87.95,Fiber optic
5917-RYRMG,One year,Credit card (automatic),No,19.8,No
5120-ZBLAI,One year,Bank transfer (automatic),No,75.7,DSL
1194-BHJYC,Two year,Mailed check,Yes,62.15,DSL
3663-MITLP,Month-to-month,Electronic check,Yes,101.25,Fiber optic
0906-QVPMS,Two year,Bank transfer (automatic),No,115.15,Fiber optic
9025-ZRPVR,Month-to-month,Mailed check,Yes,18.95,No
1905-OEILC,Month-to-month,Mailed check,No,19.5,No
7858-GTZSP,Month-to-month,Electronic check,Yes,86.55,Fiber optic
3285-UCQVC,Month-to-month,Credit card (automatic),No,28.6,DSL
6248-BSHKG,One year,Mailed check,No,20.4,No
4685-TFLLS,One year,Bank transfer (automatic),No,19.8,No
3470-BTGQO,Month-to-month,Mailed check,No,45.65,DSL
1209-VFFOC,Two year,Mailed check,Yes,56.4,DSL
8224-DWCKX,Month-to-month,Credit card (automatic),Yes,73.3,Fiber optic
5482-PLVPE,Month-to-month,Electronic check,No,24.35,DSL
4553-DVPZG,Month-to-month,Electronic check,Yes,101.35,Fiber optic
4902-OHLSK,Month-to-month,Electronic check,No,98.65,Fiber optic
6917-IAYHD,Month-to-month,Mailed check,No,33.6,DSL
0495-ZBNGW,Month-to-month,Bank transfer (automatic),Yes,79.9,Fiber optic
8620-RJPZN,Month-to-month,Electronic check,No,20.7,No
7572-KPVKK,Two year,Electronic check,Yes,104.05,Fiber optic
2642-MAWLJ,Two year,Bank transfer (automatic),No,20.25,No
2357-COQEK,Month-to-month,Electronic check,Yes,103.3,Fiber optic
7103-ZGVNT,One year,Credit card (automatic),No,73.7,DSL
3737-GCSPV,Month-to-month,Credit card (automatic),Yes,96.2,Fiber optic
2027-WKXMW,Month-to-month,Electronic check,Yes,108.75,Fiber optic
7137-NAXML,One year,Bank transfer (automatic),No,20.15,No
2428-ZMCTB,Month-to-month,Credit card (automatic),No,19.75,No
2961-VNFKL,Two year,Credit card (automatic),Yes,25.95,No
1768-HNVGJ,Month-to-month,Electronic check,Yes,70.05,DSL
6963-KQYQB,Two year,Mailed check,No,24.05,No
5934-RMPOV,Month-to-month,Electronic check,Yes,84.75,Fiber optic
1207-BLKSA,Two year,Mailed check,No,23.05,No
4088-YLDSU,One year,Electronic check,Yes,104.15,Fiber optic
8316-BBQAY,Two year,Credit card (automatic),No,59.95,DSL
1166-PQLGG,Two year,Bank transfer (automatic),No,19.55,No
3146-JTQHR,One year,Bank transfer (automatic),No,19.6,No
4291-YZODP,One year,Mailed check,No,20.05,No
4395-PZMSN,Month-to-month,Electronic check,Yes,85.55,Fiber optic
6427-FEFIG,Two year,Credit card (automatic),No,78.6,DSL
0017-IUDMW,Two year,Credit card (automatic),Yes,116.8,Fiber optic
8706-HRADD,Month-to-month,Mailed check,Yes,43.55,DSL
9955-QOPOY,One year,Credit card (automatic),Yes,60.8,DSL
4385-ZKVNW,Month-to-month,Bank transfer (automatic),Yes,54.9,DSL
5446-DKWYW,One year,Electronic check,Yes,65.2,DSL
2034-CGRHZ,Month-to-month,Credit card (automatic),Yes,102.95,Fiber optic
5797-APWZC,Month-to-month,Electronic check,No,90.6,Fiber optic
3683-QKIUE,Month-to-month,Bank transfer (automatic),Yes,50.8,DSL
4228-ZGYUW,Month-to-month,Electronic check,Yes,90.05,Fiber optic
9031-ZVQPT,Two year,Electronic check,Yes,108.2,Fiber optic
2990-IAJSV,Two year,Bank transfer (automatic),No,92.0,DSL
8107-KNCIM,Month-to-month,Electronic check,Yes,75.1,Fiber optic
9027-YFHQJ,Month-to-month,Bank transfer (automatic),Yes,25.05,No
5176-LDKUH,One year,Electronic check,No,75.15,Fiber optic
4644-OBGFZ,One year,Mailed check,No,19.5,No
7926-IJOOU,Month-to-month,Credit card (automatic),No,19.3,No
6480-YAGIY,One year,Credit card (automatic),No,112.2,Fiber optic
4029-HPFVY,Month-to-month,Mailed check,Yes,70.3,Fiber optic
7602-DBTOU,Two year,Mailed check,No,19.6,No
5345-BMKWB,Month-to-month,Mailed check,No,20.25,No
3519-ZKXGG,Month-to-month,Electronic check,Yes,75.85,Fiber optic
5457-COLHT,Two year,Bank transfer (automatic),No,80.65,DSL
6416-TVAIH,Month-to-month,Electronic check,Yes,68.5,Fiber optic
5451-YHYPW,Two year,Credit card (automatic),Yes,115.75,Fiber optic
5108-ADXWO,Month-to-month,Electronic check,Yes,73.5,Fiber optic
7998-WNZEM,Two year,Bank transfer (automatic),No,80.6,DSL
3066-RRJIO,Month-to-month,Mailed check,Yes,69.95,Fiber optic
4664-NJCMS,Two year,Bank transfer (automatic),No,59.55,DSL
0307-BCOPK,One year,Mailed check,No,19.05,No
7629-WFGLW,One year,Electronic check,No,95.65,Fiber optic
2542-HYGIQ,Month-to-month,Credit card (automatic),No,19.95,No
6715-OFDBP,Month-to-month,Electronic check,Yes,70.05,DSL
5016-LIPDW,One year,Mailed check,No,19.4,No
6481-LXPWL,One year,Credit card (automatic),Yes,36.1,DSL
1567-DSCIC,Month-to-month,Electronic check,Yes,94.0,Fiber optic
2150-UWTFY,Month-to-month,Mailed check,No,61.15,DSL
6124-ACRHJ,Month-to-month,Mailed check,No,19.75,No
9362-MWODR,Month-to-month,Credit card (automatic),Yes,64.1,DSL
9975-GPKZU,Two year,Credit card (automatic),No,19.75,No
9625-RZFUK,Two year,Mailed check,No,19.7,No
5153-LXKDT,Two year,Electronic check,Yes,110.2,Fiber optic
5161-UBZXI,Two year,Credit card (automatic),Yes,106.35,Fiber optic
1020-JPQOW,Month-to-month,Electronic check,No,90.55,Fiber optic
7919-ZODZZ,One year,Mailed check,Yes,65.9,DSL
0565-JUPYD,One year,Credit card (automatic),No,104.5,Fiber optic
6867-ACCZI,Two year,Mailed check,Yes,52.5,DSL
5939-XAIXZ,Month-to-month,Mailed check,Yes,56.1,DSL
9054-FOWNV,Month-to-month,Electronic check,Yes,88.75,Fiber optic
2683-BPJSO,Month-to-month,Electronic check,Yes,84.45,Fiber optic
2157-MXBJS,One year,Mailed check,Yes,75.3,DSL
8207-VVMYB,Two year,Bank transfer (automatic),Yes,26.0,No
9732-EQMWY,Month-to-month,Electronic check,No,99.4,Fiber optic
9360-AHGNL,One year,Mailed check,Yes,109.55,Fiber optic
1087-UDSIH,Month-to-month,Mailed check,Yes,19.6,No
5269-NRGDP,One year,Electronic check,No,73.15,DSL
6195-MELTI,One year,Mailed check,Yes,54.65,DSL
5485-WUYWF,Month-to-month,Bank transfer (automatic),No,66.4,DSL
2121-JAFOM,Two year,Credit card (automatic),Yes,115.55,Fiber optic
8818-DOPVL,Month-to-month,Electronic check,Yes,104.45,Fiber optic
2632-UCGVD,Month-to-month,Credit card (automatic),Yes,100.05,Fiber optic
5445-PZWGX,One year,Electronic check,No,102.0,Fiber optic
1227-UDMZR,Two year,Bank transfer (automatic),Yes,91.15,DSL
5198-HQAEN,One year,Electronic check,Yes,89.7,Fiber optic
9170-CCKOU,Month-to-month,Credit card (automatic),No,90.2,Fiber optic
2167-FQSTQ,Two year,Electronic check,Yes,92.4,DSL
2819-GWENI,One year,Mailed check,No,19.9,No
1043-YCUTE,Two year,Credit card (automatic),Yes,25.15,No
3814-MLAXC,Month-to-month,Credit card (automatic),Yes,79.85,Fiber optic
3572-UUHRS,One year,Bank transfer (automatic),No,18.85,No
2692-PFYTJ,Month-to-month,Mailed check,Yes,25.75,No
1226-UDFZR,Month-to-month,Mailed check,Yes,49.6,DSL
5955-EPOAZ,Month-to-month,Mailed check,Yes,20.95,No
6821-JPCDC,One year,Electronic check,Yes,97.05,Fiber optic
8815-LMFLX,Month-to-month,Bank transfer (automatic),Yes,25.4,No
9135-HSWOC,Two year,Bank transfer (automatic),Yes,19.7,No
8582-KRHPJ,Month-to-month,Mailed check,Yes,35.0,DSL
5811-IWXYM,One year,Bank transfer (automatic),No,101.25,Fiber optic
7044-YAACC,Month-to-month,Electronic check,Yes,70.2,Fiber optic
8189-XRIKE,Month-to-month,Electronic check,No,90.95,Fiber optic
1506-YJTYT,Two year,Credit card (automatic),No,73.85,DSL
4123-DVHPH,Month-to-month,Electronic check,Yes,88.05,Fiber optic
6425-YQLLO,One year,Credit card (automatic),Yes,105.95,Fiber optic
5442-UTCVD,Month-to-month,Electronic check,No,91.85,Fiber optic
2228-BZDEE,Two year,Mailed check,No,20.1,No
7734-DBOAI,Month-to-month,Electronic check,No,40.1,DSL
2789-CZANW,Two year,Bank transfer (automatic),No,110.3,Fiber optic
2091-RFFBA,Month-to-month,Electronic check,Yes,73.9,Fiber optic
2114-MGINA,Month-to-month,Mailed check,Yes,89.8,Fiber optic
7596-LDUXP,One year,Credit card (automatic),Yes,85.15,Fiber optic
3740-RLMVT,One year,Bank transfer (automatic),Yes,60.95,DSL
4489-SNOJF,Month-to-month,Electronic check,No,72.25,DSL
2192-OZITF,Two year,Mailed check,No,73.55,DSL
5651-CPDND,Month-to-month,Mailed check,No,46.0,DSL
2186-QZEYA,Month-to-month,Bank transfer (automatic),Yes,58.55,DSL
1131-ALZWV,One year,Bank transfer (automatic),No,24.6,No
7729-XBTWX,Two year,Mailed check,Yes,19.75,No
9134-WYRVP,One year,Mailed check,No,86.35,Fiber optic
3284-SVCRO,Two year,Mailed check,No,25.5,No
9732-OUYRN,One year,Credit card (automatic),No,19.0,No
0559-CKHUS,Two year,Mailed check,Yes,19.55,No
2931-SVLTV,Month-to-month,Credit card (automatic),Yes,110.1,Fiber optic
6899-PPEEA,Month-to-month,Electronic check,Yes,96.55,Fiber optic
7504-UWHNB,Month-to-month,Electronic check,No,69.75,Fiber optic
2582-FFFZR,Month-to-month,Electronic check,Yes,50.6,DSL
8908-NMQTX,Two year,Bank transfer (automatic),Yes,65.6,DSL
2187-LZGPL,Month-to-month,Credit card (automatic),Yes,40.1,DSL
1431-AIDJQ,Two year,Credit card (automatic),No,82.1,DSL
6288-LBEAR,Month-to-month,Mailed check,Yes,79.1,Fiber optic
4597-NUCQV,Month-to-month,Electronic check,Yes,101.25,Fiber optic
9019-QVLZD,Month-to-month,Electronic check,No,79.55,Fiber optic
8413-YNHNV,Two year,Mailed check,No,90.65,DSL
5808-TOTXO,One year,Credit card (automatic),Yes,20.55,No
4369-NYSCF,One year,Bank transfer (automatic),Yes,75.75,DSL
6333-YDVLT,One year,Credit card (automatic),Yes,110.0,Fiber optic
5324-KTGCG,One year,Electronic check,No,20.85,No
5599-HVLTW,Month-to-month,Bank transfer (automatic),Yes,80.35,Fiber optic
7394-LWLYN,Month-to-month,Electronic check,Yes,70.15,Fiber optic
3707-LRWZD,One year,Electronic check,No,84.05,Fiber optic
6873-UDNLD,Month-to-month,Electronic check,No,67.45,DSL
2700-LUEVA,Month-to-month,Credit card (automatic),No,20.75,No
1455-ESIQH,Month-to-month,Electronic check,Yes,89.1,Fiber optic
0958-YHXGP,Month-to-month,Mailed check,Yes,69.9,Fiber optic
1101-SSWAG,Month-to-month,Electronic check,Yes,51.1,DSL
2979-SXESE,Month-to-month,Electronic check,No,94.4,Fiber optic
4013-TLDHQ,Month-to-month,Electronic check,Yes,78.25,Fiber optic
5743-KHMNA,Two year,Bank transfer (automatic),No,25.55,No
4194-FJARJ,Two year,Bank transfer (automatic),No,60.0,DSL
5325-UWTWJ,Month-to-month,Credit card (automatic),Yes,90.55,Fiber optic
3969-GYXEL,Month-to-month,Electronic check,No,76.4,Fiber optic
9208-OLGAQ,Month-to-month,Electronic check,Yes,84.95,Fiber optic
3244-CQPHU,Two year,Bank transfer (automatic),Yes,110.1,Fiber optic
2674-MLXMN,Month-to-month,Credit card (automatic),Yes,99.65,Fiber optic
9708-HPXWZ,Month-to-month,Credit card (automatic),No,45.4,DSL
6992-TKNYO,One year,Credit card (automatic),No,69.0,DSL
4468-YDOVK,Month-to-month,Bank transfer (automatic),Yes,48.65,DSL
3754-DXMRT,Month-to-month,Electronic check,Yes,44.15,DSL
5792-JALQC,Two year,Bank transfer (automatic),No,59.85,DSL
7130-VTEWQ,Month-to-month,Electronic check,Yes,75.75,Fiber optic
2200-DSAAL,Two year,Electronic check,Yes,80.65,DSL
4302-ZYFEL,One year,Credit card (automatic),Yes,20.55,No
9351-LZYGF,Month-to-month,Credit card (automatic),Yes,66.4,DSL
4366-CTOUZ,Two year,Mailed check,Yes,100.2,Fiber optic
6121-VZNQB,Month-to-month,Mailed check,Yes,19.1,No
7903-CMPEY,Month-to-month,Electronic check,Yes,80.3,Fiber optic
1518-OMDIK,Month-to-month,Credit card (automatic),Yes,44.55,DSL
6671-NGWON,Month-to-month,Mailed check,No,20.35,No
0595-ITUDF,Month-to-month,Electronic check,Yes,91.8,Fiber optic
6996-KNSML,Month-to-month,Electronic check,Yes,74.9,Fiber optic
1955-IBMMB,Two year,Bank transfer (automatic),Yes,20.2,No
0096-BXERS,Month-to-month,Electronic check,No,50.35,DSL
3806-YAZOV,Month-to-month,Mailed check,No,18.8,No
7998-ZLXWN,Month-to-month,Credit card (automatic),No,20.45,No
6253-WRFHY,One year,Electronic check,Yes,64.75,DSL
9133-AYJZG,Month-to-month,Credit card (automatic),Yes,98.7,Fiber optic
2675-OTVVJ,Month-to-month,Electronic check,No,89.45,Fiber optic
8680-CGLTP,One year,Electronic check,Yes,58.75,DSL
8430-TWCBX,One year,Credit card (automatic),No,20.7,No
5018-GWURO,Month-to-month,Bank transfer (automatic),Yes,85.6,Fiber optic
6741-QRLUP,Two year,Credit card (automatic),Yes,80.3,DSL
4737-HOBAX,Two year,Credit card (automatic),No,79.8,DSL
0537-QYZZN,Month-to-month,Electronic check,Yes,79.85,Fiber optic
3340-QBBFM,One year,Credit card (automatic),No,54.1,DSL
1704-NRWYE,Month-to-month,Electronic check,Yes,80.85,Fiber optic
2592-SEIFQ,Month-to-month,Electronic check,No,24.75,DSL
8200-KLNYW,One year,Mailed check,No,80.9,DSL
3372-CDXFJ,One year,Bank transfer (automatic),No,24.5,No
4781-ZXYGU,Month-to-month,Bank transfer (automatic),Yes,20.15,No
7632-YUTXB,One year,Mailed check,No,20.05,No
2718-YSKCS,Two year,Bank transfer (automatic),Yes,19.6,No
9896-UYMIE,One year,Bank transfer (automatic),Yes,114.3,Fiber optic
0853-NWIFK,One year,Electronic check,Yes,100.3,Fiber optic
8212-CRQXP,Month-to-month,Credit card (automatic),Yes,80.0,Fiber optic
6980-CDGFC,One year,Bank transfer (automatic),Yes,20.85,No
7691-XVTZH,Two year,Bank transfer (automatic),Yes,89.95,Fiber optic
2520-SGTTA,Two year,Mailed check,No,20.0,No
7481-ATQQS,Month-to-month,Credit card (automatic),Yes,90.85,Fiber optic
2277-VWCNI,Month-to-month,Mailed check,No,48.75,DSL
1088-CNNKB,One year,Credit card (automatic),No,80.0,DSL
8642-GVWRF,Month-to-month,Bank transfer (automatic),No,79.7,Fiber optic
1930-BZLHI,One year,Mailed check,Yes,20.35,No
3400-ESFUW,Two year,Bank transfer (automatic),No,57.55,DSL
5868-YTYKS,Month-to-month,Mailed check,Yes,20.25,No
3525-DVKFN,Two year,Mailed check,No,19.4,No
1482-OXZSY,Month-to-month,Bank transfer (automatic),Yes,100.4,Fiber optic
0377-JBKKT,Month-to-month,Mailed check,Yes,57.95,DSL
5778-BVOFB,Month-to-month,Bank transfer (automatic),Yes,59.5,DSL
3373-YZZYM,Month-to-month,Mailed check,No,19.2,No
2057-ZBLPD,Month-to-month,Electronic check,Yes,86.5,Fiber optic
0228-MAUWC,Month-to-month,Electronic check,No,59.55,DSL
5502-RLUYV,Month-to-month,Electronic check,Yes,103.95,Fiber optic
0023-HGHWL,Month-to-month,Electronic check,Yes,25.1,DSL
7663-YJHSN,Two year,Bank transfer (automatic),Yes,103.95,Fiber optic
4915-BFSXL,Two year,Credit card (automatic),No,68.95,DSL
3086-RUCRN,Month-to-month,Bank transfer (automatic),Yes,103.1,Fiber optic
5215-LNLDJ,Month-to-month,Electronic check,Yes,24.7,DSL
7576-JMYWV,Month-to-month,Electronic check,Yes,110.2,Fiber optic
9039-RBEEE,Month-to-month,Credit card (automatic),Yes,48.95,DSL
0257-KXZGU,Month-to-month,Bank transfer (automatic),No,62.45,DSL
1307-ATKGB,Month-to-month,Electronic check,Yes,89.55,Fiber optic
8417-FMLZI,Month-to-month,Credit card (automatic),Yes,83.55,Fiber optic
3714-XPXBW,Month-to-month,Credit card (automatic),Yes,78.9,DSL
1850-AKQEP,Month-to-month,Mailed check,No,20.35,No
2824-DXNKN,Two year,Bank transfer (automatic),Yes,71.45,DSL
5227-JSCFE,Two year,Credit card (automatic),No,46.35,DSL
0848-ZGQIJ,Month-to-month,Bank transfer (automatic),Yes,94.65,Fiber optic
3621-CHYVB,Month-to-month,Bank transfer (automatic),Yes,49.9,DSL
8042-RNLKO,One year,Bank transfer (automatic),No,25.45,No
1792-UXAFY,Month-to-month,Electronic check,Yes,89.15,Fiber optic
5372-FBKBN,Month-to-month,Mailed check,No,20.75,No
0420-TXVSG,Two year,Credit card (automatic),Yes,66.1,DSL
6217-TOWGS,Month-to-month,Bank transfer (automatic),Yes,75.4,DSL
0515-YPMCW,Month-to-month,Mailed check,Yes,70.45,Fiber optic
0378-XSZPU,One year,Credit card (automatic),No,60.3,DSL
1045-LTCYT,Month-to-month,Credit card (automatic),No,21.05,No
1544-JJMYL,One year,Credit card (automatic),No,69.35,DSL
4636-JGAAI,Month-to-month,Mailed check,No,88.85,Fiber optic
6874-SGLHU,One year,Bank transfer (automatic),Yes,97.0,Fiber optic
5951-AOFIH,Month-to-month,Credit card (automatic),Yes,66.4,DSL
4729-XKASR,Month-to-month,Electronic check,No,24.75,DSL
3059-NGMXB,Month-to-month,Mailed check,No,69.2,DSL
8652-YHIYU,One year,Credit card (automatic),Yes,79.5,Fiber optic
5278-PNYOX,Two year,Credit card (automatic),No,100.65,Fiber optic
5449-FIBXJ,Month-to-month,Electronic check,No,103.3,Fiber optic
3486-HOOGQ,Two year,Bank transfer (automatic),No,79.7,DSL
5061-PBXFW,Month-to-month,Bank transfer (automatic),No,61.4,DSL
8630-FJLIB,Month-to-month,Electronic check,Yes,69.8,Fiber optic
3891-NLXJB,Two year,Mailed check,Yes,40.55,DSL
4749-OJKQU,Month-to-month,Electronic check,Yes,75.65,Fiber optic
0577-WHMEV,Month-to-month,Electronic check,No,90.7,Fiber optic
5453-AXEPF,Month-to-month,Bank transfer (automatic),Yes,80.5,Fiber optic
3639-XJHKQ,Month-to-month,Electronic check,Yes,60.6,DSL
3716-LRGXK,Two year,Credit card (automatic),No,101.15,Fiber optic
2263-SFSQZ,Two year,Mailed check,Yes,24.95,No
9950-MTGYX,Two year,Credit card (automatic),Yes,20.3,No
3397-AVTKU,Two year,Electronic check,Yes,60.0,DSL
4825-FUREZ,Two year,Electronic check,No,20.25,No
9837-BMCLM,Month-to-month,Electronic check,Yes,78.5,Fiber optic
2672-OJQZP,Month-to-month,Mailed check,No,44.75,DSL
0137-UDEUO,Month-to-month,Mailed check,No,19.85,No
3134-DSHVC,Two year,Credit card (automatic),No,98.0,Fiber optic
6161-UUUTA,Month-to-month,Electronic check,Yes,79.9,Fiber optic
7821-DPRQE,Month-to-month,Electronic check,Yes,107.7,Fiber optic
6543-XRMYR,Month-to-month,Electronic check,Yes,99.7,Fiber optic
2001-EWBQU,Two year,Electronic check,No,104.7,Fiber optic
4925-LMHOK,Month-to-month,Credit card (automatic),Yes,58.6,DSL
1608-GMEWB,Month-to-month,Bank transfer (automatic),Yes,93.9,Fiber optic
6695-AMZUF,Two year,Credit card (automatic),No,86.45,DSL
1455-UGQVH,Month-to-month,Electronic check,Yes,98.5,Fiber optic
8410-BGQXN,Month-to-month,Mailed check,No,19.4,No
8280-MQRQN,Month-to-month,Mailed check,Yes,50.45,DSL
1619-YWUBB,Two year,Credit card (automatic),Yes,24.95,No
7611-YKYTC,Month-to-month,Bank transfer (automatic),No,75.0,Fiber optic
2037-SGXHH,Month-to-month,Electronic check,Yes,94.65,Fiber optic
3178-FESZO,Month-to-month,Credit card (automatic),Yes,100.25,Fiber optic
0365-GXEZS,Month-to-month,Electronic check,No,78.2,Fiber optic
0082-OQIQY,Month-to-month,Electronic check,Yes,94.2,Fiber optic
6087-MVHJH,Month-to-month,Electronic check,Yes,88.45,Fiber optic
4603-JANFB,Month-to-month,Electronic check,Yes,69.85,Fiber optic
3018-TFTSU,Month-to-month,Bank transfer (automatic),No,81.7,Fiber optic
3606-SBKRY,One year,Electronic check,Yes,50.05,DSL
4806-KEXQR,Month-to-month,Electronic check,Yes,79.9,Fiber optic
0667-NSRGI,One year,Mailed check,Yes,69.55,DSL
7083-YNSKY,Month-to-month,Credit card (automatic),Yes,25.4,No
6893-ODYYE,One year,Credit card (automatic),Yes,90.1,Fiber optic
8242-JSVBO,Month-to-month,Bank transfer (automatic),Yes,44.65,DSL
2479-BRAMR,Month-to-month,Bank transfer (automatic),Yes,83.75,Fiber optic
9541-ZPSEA,Two year,Credit card (automatic),No,80.35,Fiber optic
2665-NPTGL,Month-to-month,Bank transfer (automatic),Yes,98.1,Fiber optic
1139-WUOAH,Two year,Credit card (automatic),No,53.35,DSL
4693-VWVBO,Month-to-month,Electronic check,No,19.55,No
7434-SHXLS,Month-to-month,Mailed check,No,20.9,No
6937-GCDGQ,One year,Bank transfer (automatic),Yes,48.95,DSL
0988-JRWWP,Month-to-month,Electronic check,Yes,54.2,DSL
5075-JSDKI,Two year,Electronic check,No,24.45,No
7908-QCBCA,Month-to-month,Mailed check,Yes,69.4,Fiber optic
8644-XYTSV,Month-to-month,Bank transfer (automatic),Yes,40.15,DSL
6711-FLDFB,Month-to-month,Electronic check,Yes,74.9,Fiber optic
3873-WOSBC,Two year,Credit card (automatic),No,25.6,No
7465-ZZRVX,Month-to-month,Electronic check,Yes,70.35,Fiber optic
7975-JMZNT,Two year,Bank transfer (automatic),No,91.7,DSL
7251-XFOIL,Month-to-month,Mailed check,No,89.2,Fiber optic
4116-IQRFR,One year,Credit card (automatic),No,24.1,No
3714-JTVOV,Month-to-month,Credit card (automatic),Yes,74.15,Fiber optic
8259-DZLIZ,One year,Bank transfer (automatic),Yes,53.85,DSL
0442-ZXKVS,One year,Bank transfer (automatic),Yes,115.6,Fiber optic
7853-WNZSY,Month-to-month,Credit card (automatic),Yes,19.75,No
3120-FAZKD,Two year,Bank transfer (automatic),Yes,24.05,No
8606-OEGQZ,Two year,Credit card (automatic),No,25.3,No
0225-ZORZP,Month-to-month,Electronic check,No,84.3,Fiber optic
4702-IOQDC,Month-to-month,Electronic check,Yes,70.1,Fiber optic
9489-JMTTN,Two year,Credit card (automatic),No,89.75,DSL
0575-CUQOV,One year,Electronic check,Yes,97.95,Fiber optic
0967-BMLBD,One year,Mailed check,Yes,20.0,No
6178-KFNHS,Month-to-month,Electronic check,Yes,78.3,Fiber optic
2830-LEWOA,One year,Credit card (automatic),No,103.9,Fiber optic
5006-MXVRN,Two year,Credit card (automatic),No,20.7,No
1264-BYWMS,Month-to-month,Electronic check,Yes,96.8,Fiber optic
9658-WYUFB,Month-to-month,Electronic check,Yes,94.4,Fiber optic
8327-WKMIE,One year,Credit card (automatic),No,20.15,No
6917-FIJHC,Two year,Mailed check,Yes,26.0,No
5329-KRDTM,Two year,Credit card (automatic),No,77.35,DSL
7797-EJMDP,Month-to-month,Bank transfer (automatic),No,66.05,DSL
3530-VWVGU,Month-to-month,Mailed check,No,19.9,No
2013-SGDXK,Month-to-month,Electronic check,No,84.3,Fiber optic
6368-NWMCE,Month-to-month,Credit card (automatic),No,68.15,DSL
3633-CDBUW,One year,Electronic check,No,80.85,DSL
0707-HOVVN,Two year,Bank transfer (automatic),Yes,75.5,DSL
8580-QVLOC,Two year,Credit card (automatic),No,92.45,DSL
3956-MGXOG,Month-to-month,Electronic check,Yes,80.6,Fiber optic
9274-UARKJ,Month-to-month,Bank transfer (automatic),Yes,83.2,Fiber optic
4077-HWUYD,Two year,Bank transfer (automatic),Yes,87.55,DSL
2012-NWRPA,Month-to-month,Electronic check,Yes,99.55,Fiber optic
8808-ELEHO,Month-to-month,Electronic check,Yes,81.25,Fiber optic
0103-CSITQ,One year,Bank transfer (automatic),Yes,109.4,Fiber optic
3506-LCJDC,Month-to-month,Bank transfer (automatic),No,19.95,No
8671-KKKOS,Month-to-month,Electronic check,No,45.55,DSL
7305-ZWMAJ,One year,Credit card (automatic),No,20.7,No
9518-XXBXE,Month-to-month,Electronic check,No,75.3,Fiber optic
3934-HXCFZ,Month-to-month,Electronic check,Yes,99.25,Fiber optic
6578-KRMAW,Month-to-month,Credit card (automatic),Yes,93.4,Fiber optic
4860-IJUDE,Month-to-month,Credit card (automatic),Yes,73.75,Fiber optic
7666-WKRON,Two year,Electronic check,Yes,80.45,Fiber optic
9688-YGXVR,Month-to-month,Credit card (automatic),Yes,88.15,Fiber optic
0423-UDIJQ,Month-to-month,Mailed check,No,49.2,DSL
1945-XISKS,Two year,Mailed check,No,19.65,No
4910-AQFFX,Month-to-month,Bank transfer (automatic),Yes,79.35,Fiber optic
2154-KVJFF,Month-to-month,Electronic check,Yes,79.75,Fiber optic
5360-LJCNJ,Two year,Bank transfer (automatic),Yes,105.15,Fiber optic
2607-FBDFF,Month-to-month,Credit card (automatic),No,49.0,DSL
9647-ERGBE,Month-to-month,Electronic check,Yes,100.05,Fiber optic
3428-XZMAZ,Month-to-month,Electronic check,Yes,69.35,Fiber optic
1100-DDVRV,Month-to-month,Mailed check,Yes,49.8,DSL
0378-TOVMS,Month-to-month,Electronic check,No,85.8,Fiber optic
4355-HBJHH,Two year,Electronic check,Yes,79.7,DSL
6728-WYQBC,Month-to-month,Bank transfer (automatic),No,20.95,No
9058-CBREO,Month-to-month,Mailed check,No,50.55,DSL
9029-FEGVJ,Month-to-month,Mailed check,No,79.3,Fiber optic
7216-KAOID,One year,Bank transfer (automatic),No,19.5,No
0318-QUUOB,Month-to-month,Electronic check,Yes,80.55,Fiber optic
6145-NNPNO,Month-to-month,Bank transfer (automatic),No,44.15,DSL
5520-FVEWJ,Month-to-month,Electronic check,Yes,84.5,Fiber optic
5339-TJFEK,Month-to-month,Electronic check,Yes,105.5,Fiber optic
5572-ZDXHY,Month-to-month,Mailed check,Yes,84.3,Fiber optic
2074-GUHPQ,Month-to-month,Credit card (automatic),Yes,92.7,Fiber optic
4625-XMOYM,Two year,Bank transfer (automatic),Yes,26.25,No
5827-MWCZK,Month-to-month,Credit card (automatic),Yes,96.95,Fiber optic
1385-TQOZW,Month-to-month,Credit card (automatic),Yes,20.45,No
5914-XRFQB,Two year,Bank transfer (automatic),Yes,115.8,Fiber optic
4329-YPDDQ,Month-to-month,Bank transfer (automatic),Yes,108.2,Fiber optic
4804-NCPET,Two year,Mailed check,No,20.2,No
3750-CKVKH,Month-to-month,Electronic check,Yes,67.75,Fiber optic
5944-UGLLK,One year,Credit card (automatic),No,54.9,DSL
8063-GBATB,Month-to-month,Electronic check,Yes,85.25,Fiber optic
7787-BNTZM,Month-to-month,Bank transfer (automatic),No,20.15,No
2252-ISRNH,One year,Electronic check,Yes,90.35,Fiber optic
9415-TPKRV,Month-to-month,Electronic check,No,55.75,DSL
5322-TEUJK,Two year,Bank transfer (automatic),No,114.6,Fiber optic
4547-KQRTM,Month-to-month,Bank transfer (automatic),Yes,80.05,Fiber optic
4877-EVATK,Month-to-month,Mailed check,No,20.0,No
1866-DIOQZ,One year,Bank transfer (automatic),No,66.8,DSL
8375-KVTHK,One year,Electronic check,Yes,100.3,Fiber optic
2697-NQBPF,Month-to-month,Electronic check,Yes,105.35,Fiber optic
3709-OIJEA,One year,Electronic check,Yes,85.2,Fiber optic
7639-SUPCW,Month-to-month,Credit card (automatic),Yes,48.8,DSL
1386-ZIKUV,Month-to-month,Mailed check,Yes,18.95,No
0599-XNYDO,Month-to-month,Bank transfer (automatic),Yes,69.8,Fiber optic
6377-WHAOX,Month-to-month,Electronic check,Yes,106.15,Fiber optic
6855-VLGOS,Two year,Electronic check,No,20.55,No
8999-XXGNS,One year,Credit card (automatic),Yes,105.75,Fiber optic
8746-OQQRW,Month-to-month,Mailed check,No,25.25,No
3181-MIZBN,Month-to-month,Electronic check,No,19.75,No
0471-ARVMX,One year,Electronic check,Yes,104.85,Fiber optic
7766-CLTIC,Month-to-month,Mailed check,Yes,60.95,DSL
5650-YLIBA,Month-to-month,Electronic check,Yes,81.15,Fiber optic
0825-CPPQH,Two year,Credit card (automatic),No,19.1,No
9084-OAYKL,Two year,Mailed check,No,20.8,No
6122-LJADA,Two year,Credit card (automatic),Yes,90.15,DSL
2400-XIWIO,Two year,Electronic check,No,90.1,DSL
7524-VRLPL,Two year,Credit card (automatic),No,74.1,DSL
1069-XAIEM,Month-to-month,Electronic check,Yes,85.05,Fiber optic
7569-NMZYQ,Two year,Bank transfer (automatic),Yes,118.75,Fiber optic
5201-USSQZ,Month-to-month,Credit card (automatic),No,85.9,Fiber optic
2105-PHWON,Month-to-month,Credit card (automatic),Yes,95.0,Fiber optic
1494-EJZDW,Two year,Mailed check,No,20.15,No
4884-TVUQF,Two year,Credit card (automatic),No,101.3,Fiber optic
8003-EWNDZ,Month-to-month,Electronic check,Yes,21.2,No
1897-RCFUM,One year,Mailed check,Yes,24.2,No
9256-JTBNZ,Month-to-month,Bank transfer (automatic),No,20.3,No
4658-HCOHW,Month-to-month,Electronic check,Yes,102.8,Fiber optic
2211-RMNHO,Two year,Bank transfer (automatic),No,85.3,DSL
2432-TFSMK,One year,Credit card (automatic),Yes,89.6,Fiber optic
3440-JPSCL,Month-to-month,Mailed check,Yes,99.95,Fiber optic
4929-ROART,Month-to-month,Mailed check,No,56.25,DSL
1834-ABKHQ,One year,Bank transfer (automatic),Yes,50.95,DSL
1741-WTPON,Two year,Mailed check,No,115.85,Fiber optic
3932-IJWDZ,Month-to-month,Bank transfer (automatic),Yes,103.65,Fiber optic
1240-HCBOH,Two year,Mailed check,Yes,26.1,No
3594-KADLU,Month-to-month,Mailed check,No,35.1,DSL
8065-BVEPF,Month-to-month,Bank transfer (automatic),Yes,99.1,Fiber optic
3796-ENZGF,Two year,Mailed check,No,67.25,DSL
1734-ZMNTZ,Two year,Mailed check,No,25.0,No
2853-CWQFQ,Month-to-month,Mailed check,Yes,59.55,DSL
0813-TAXXS,Two year,Bank transfer (automatic),Yes,77.8,DSL
2519-TWKFS,One year,Mailed check,Yes,55.1,DSL
2889-FPWRM,One year,Bank transfer (automatic),Yes,117.8,Fiber optic
0626-QXNGV,Two year,Credit card (automatic),Yes,24.15,No
6723-CEGQI,Two year,Mailed check,No,45.25,DSL
6987-XQSJT,Month-to-month,Electronic check,Yes,79.5,Fiber optic
4732-RRJZC,Month-to-month,Mailed check,No,20.25,No
9499-XPZXM,Two year,Bank transfer (automatic),No,64.75,DSL
4338-EYCER,Month-to-month,Bank transfer (automatic),No,54.6,DSL
3007-FDPEA,Month-to-month,Bank transfer (automatic),Yes,20.7,No
6350-XFYGW,Month-to-month,Electronic check,Yes,94.75,Fiber optic
4290-BSXUX,Month-to-month,Bank transfer (automatic),Yes,79.65,Fiber optic
8513-OLYGY,Two year,Credit card (automatic),No,115.8,Fiber optic
0311-QYWSS,Month-to-month,Electronic check,Yes,49.45,DSL
8705-DWKTI,Month-to-month,Credit card (automatic),Yes,83.8,Fiber optic
8755-IWJHN,Month-to-month,Bank transfer (automatic),Yes,95.35,Fiber optic
0325-XBFAC,Month-to-month,Electronic check,Yes,94.7,Fiber optic
4480-QQRHC,Month-to-month,Bank transfer (automatic),Yes,74.05,Fiber optic
0929-PECLO,Month-to-month,Bank transfer (automatic),Yes,89.6,Fiber optic
3680-CTHUH,One year,Credit card (automatic),Yes,116.6,Fiber optic
1202-KKGFU,Month-to-month,Bank transfer (automatic),No,54.2,DSL
6112-KTHFQ,Month-to-month,Mailed check,Yes,19.3,No
1852-XEMDW,Month-to-month,Mailed check,No,65.05,DSL
2462-XIIJB,Month-to-month,Electronic check,Yes,92.5,Fiber optic
4760-XOHVN,Month-to-month,Mailed check,No,19.45,No
1820-DJFPH,Two year,Bank transfer (automatic),Yes,24.05,No
9426-SXNHE,Month-to-month,Bank transfer (automatic),No,18.75,No
9068-FHQHD,Two year,Bank transfer (automatic),No,20.15,No
1269-FOYWN,One year,Bank transfer (automatic),No,20.0,No
9470-YFUYI,One year,Bank transfer (automatic),Yes,71.0,DSL
7817-BOQPW,Month-to-month,Electronic check,Yes,75.55,Fiber optic
7402-EYFXX,Month-to-month,Electronic check,Yes,93.6,Fiber optic
1853-UDXBW,Month-to-month,Electronic check,Yes,70.0,Fiber optic
9895-VFOXH,Month-to-month,Mailed check,No,24.4,DSL
5458-CQJTA,Two year,Bank transfer (automatic),Yes,74.8,DSL
1230-QAJDW,Month-to-month,Mailed check,Yes,65.25,DSL
5701-ZIKJE,Month-to-month,Mailed check,Yes,50.55,DSL
5219-YIPTK,Month-to-month,Electronic check,Yes,104.4,Fiber optic
5032-MIYKT,Month-to-month,Mailed check,Yes,70.7,Fiber optic
7396-VJUZB,Month-to-month,Mailed check,No,45.25,DSL
9717-QEBGU,Month-to-month,Electronic check,Yes,70.3,Fiber optic
5172-RKOCB,Two year,Credit card (automatic),Yes,108.95,Fiber optic
6509-TSGWN,Month-to-month,Mailed check,No,26.45,No
3540-RZJYU,Month-to-month,Electronic check,No,86.2,Fiber optic
3178-CIFOT,One year,Credit card (automatic),Yes,19.65,No
2091-MJTFX,Month-to-month,Credit card (automatic),No,51.2,DSL
4530-NDRKU,One year,Electronic check,Yes,19.05,No
5985-TBABQ,One year,Mailed check,No,74.75,DSL
9800-ONTFE,Month-to-month,Bank transfer (automatic),Yes,75.8,Fiber optic
6743-HHQPF,Month-to-month,Credit card (automatic),Yes,25.1,DSL
8455-HIRAQ,Month-to-month,Mailed check,No,44.45,DSL
6616-AALSR,Two year,Credit card (automatic),Yes,104.3,Fiber optic
0883-EIBTI,Month-to-month,Mailed check,No,19.5,No
9415-ZNBSX,Two year,Bank transfer (automatic),Yes,89.0,DSL
4018-KJYUY,Month-to-month,Credit card (automatic),No,20.15,No
0722-TROQR,Month-to-month,Electronic check,Yes,74.9,Fiber optic
7571-YXDAD,Month-to-month,Credit card (automatic),No,74.9,Fiber optic
3884-UEBXB,Two year,Bank transfer (automatic),No,36.15,DSL
8780-RSYYU,Month-to-month,Credit card (automatic),Yes,19.2,No
5537-UXXVS,Month-to-month,Bank transfer (automatic),No,19.25,No
1791-PQHBB,Month-to-month,Credit card (automatic),Yes,61.2,DSL
8701-DGLVH,Two year,Mailed check,No,20.45,No
8741-LQOBK,Month-to-month,Bank transfer (automatic),No,35.05,DSL
3393-FMZPV,Month-to-month,Electronic check,Yes,100.25,Fiber optic
8082-GHXOP,Month-to-month,Mailed check,No,44.0,DSL
6402-ZFPPI,Month-to-month,Mailed check,Yes,102.8,Fiber optic
0980-FEXWF,One year,Mailed check,No,50.35,DSL
7486-KSRVI,One year,Electronic check,Yes,100.0,Fiber optic
3011-WQKSZ,Month-to-month,Electronic check,Yes,20.0,No
8443-WVPSS,Month-to-month,Electronic check,Yes,99.85,Fiber optic
3006-XIMLN,Month-to-month,Bank transfer (automatic),Yes,94.2,Fiber optic
8218-FFJDS,Two year,Bank transfer (automatic),Yes,86.4,DSL
1986-PHGZF,Month-to-month,Credit card (automatic),Yes,58.4,DSL
9965-YOKZB,Month-to-month,Electronic check,Yes,83.85,Fiber optic
0504-HHAPI,Month-to-month,Credit card (automatic),No,88.3,Fiber optic
9360-OMDZZ,Month-to-month,Electronic check,Yes,94.1,Fiber optic
6305-YLBMM,One year,Bank transfer (automatic),Yes,104.05,Fiber optic
0345-XMMUG,Two year,Credit card (automatic),Yes,108.9,Fiber optic
8024-XNAFQ,Two year,Bank transfer (automatic),Yes,107.4,Fiber optic
3647-GMGDH,Month-to-month,Credit card (automatic),Yes,94.7,Fiber optic
2988-GBIVW,Month-to-month,Electronic check,Yes,90.85,Fiber optic
2832-SCUCO,Month-to-month,Electronic check,No,19.9,No
7036-ZZKBD,Month-to-month,Credit card (automatic),Yes,66.4,DSL
3791-LGQCY,Month-to-month,Bank transfer (automatic),Yes,100.65,Fiber optic
0265-PSUAE,Month-to-month,Bank transfer (automatic),No,100.7,Fiber optic
0463-TXOAK,Two year,Credit card (automatic),No,25.6,No
0594-UFTUL,Month-to-month,Mailed check,Yes,19.85,No
9509-MPYOD,One year,Mailed check,No,20.75,No
9128-CPXKI,Two year,Electronic check,No,95.8,Fiber optic
0129-KPTWJ,Month-to-month,Electronic check,Yes,94.65,Fiber optic
8166-ZZTFS,Two year,Bank transfer (automatic),Yes,80.55,DSL
5855-EIBDE,Two year,Credit card (automatic),No,106.65,Fiber optic
5365-LLFYV,Month-to-month,Mailed check,Yes,45.85,DSL
5956-YHHRX,Month-to-month,Electronic check,Yes,104.35,Fiber optic
6008-NAIXK,One year,Electronic check,Yes,55.45,DSL
2956-GGUCQ,Month-to-month,Electronic check,Yes,78.85,Fiber optic
1928-BXYIV,Month-to-month,Electronic check,No,61.15,DSL
5760-FXFVO,Month-to-month,Electronic check,Yes,78.95,Fiber optic
6595-COKXZ,Month-to-month,Mailed check,Yes,44.45,DSL
0961-ZWLVI,One year,Credit card (automatic),Yes,109.2,Fiber optic
5181-OABFK,Two year,Credit card (automatic),Yes,61.3,DSL
4007-NHVHI,Month-to-month,Electronic check,Yes,96.85,Fiber optic
7816-VGHTO,Two year,Mailed check,No,40.55,DSL
5871-DGTXZ,One year,Mailed check,No,19.8,No
7550-WIQVA,One year,Electronic check,Yes,108.25,Fiber optic
7544-ZVIKX,One year,Bank transfer (automatic),Yes,105.05,Fiber optic
0016-QLJIS,Two year,Mailed check,Yes,90.45,DSL
7508-DQAKK,Two year,Credit card (automatic),Yes,86.4,DSL
5176-OLSKT,Two year,Bank transfer (automatic),No,66.9,DSL
9356-AXGMP,One year,Electronic check,Yes,110.7,Fiber optic
3556-BVQGL,One year,Mailed check,Yes,20.0,No
0362-ZBZWJ,Month-to-month,Electronic check,Yes,84.9,Fiber optic
8979-CAMGB,One year,Electronic check,No,102.1,Fiber optic
4211-MMAZN,Month-to-month,Mailed check,No,20.25,No
7581-EBBOU,One year,Credit card (automatic),Yes,70.15,DSL
4274-OWWYO,Month-to-month,Electronic check,Yes,74.35,Fiber optic
5073-RZGBK,One year,Bank transfer (automatic),Yes,80.05,DSL
1541-ETJZO,Month-to-month,Mailed check,No,62.05,DSL
2192-CKRLV,Two year,Electronic check,Yes,49.2,DSL
3154-HMWUU,Two year,Bank transfer (automatic),Yes,20.5,No
6119-SPUDB,Two year,Mailed check,No,38.25,DSL
6522-OIQSX,Two year,Credit card (automatic),Yes,54.95,DSL
7813-ZGGAW,Month-to-month,Bank transfer (automatic),Yes,96.6,Fiber optic
8748-HFWBO,One year,Mailed check,No,19.9,No
1052-QJIBV,Two year,Credit card (automatic),No,19.9,No
1319-YLZJG,Month-to-month,Electronic check,Yes,84.6,Fiber optic
4106-HADHQ,One year,Credit card (automatic),No,80.0,DSL
0723-FDLAY,One year,Bank transfer (automatic),Yes,85.25,DSL
3050-RLLXC,Two year,Credit card (automatic),No,81.25,DSL
9298-WGMRW,Two year,Bank transfer (automatic),Yes,115.5,Fiber optic
2369-UAPKZ,Month-to-month,Mailed check,No,104.1,Fiber optic
3088-LHEFH,Month-to-month,Bank transfer (automatic),Yes,79.0,Fiber optic
2778-OCLGR,Month-to-month,Bank transfer (automatic),No,39.1,DSL
6583-KQJLK,Month-to-month,Electronic check,Yes,94.65,Fiber optic
8544-JNBOX,Two year,Mailed check,Yes,20.8,No
6681-ZSEXG,Two year,Credit card (automatic),No,59.5,DSL
6139-ZZRBQ,Two year,Bank transfer (automatic),Yes,20.05,No
6116-RFVHN,Month-to-month,Electronic check,Yes,100.45,Fiber optic
0637-KVDLV,Month-to-month,Electronic check,Yes,76.5,Fiber optic
8884-FEEWR,One year,Bank transfer (automatic),No,20.6,No
3125-RAHBV,One year,Credit card (automatic),No,20.3,No
6633-MPWBS,Month-to-month,Electronic check,Yes,49.2,DSL
0373-AIVNJ,One year,Mailed check,No,39.55,DSL
8785-EPNCG,Month-to-month,Credit card (automatic),No,23.15,No
1682-VCOIO,One year,Mailed check,No,20.45,No
5729-KLZAR,Month-to-month,Electronic check,No,80.85,Fiber optic
2072-ZVJJX,Two year,Bank transfer (automatic),No,25.25,No
8849-AYPTR,Month-to-month,Electronic check,No,91.25,Fiber optic
9518-IMLHK,Month-to-month,Bank transfer (automatic),Yes,72.45,DSL
1582-RAFML,Month-to-month,Mailed check,No,60.1,DSL
3646-ITDGM,Two year,Bank transfer (automatic),No,19.7,No
8740-CRYFY,Month-to-month,Electronic check,Yes,78.95,Fiber optic
3569-VLDHH,One year,Electronic check,Yes,75.1,DSL
8224-KDLKN,Two year,Bank transfer (automatic),No,25.0,No
7594-LZNWR,Month-to-month,Credit card (automatic),No,69.15,Fiber optic
4001-TSBTV,Month-to-month,Electronic check,Yes,91.55,Fiber optic
2962-XPMCQ,Month-to-month,Electronic check,Yes,45.15,DSL
8727-XDPUD,Two year,Credit card (automatic),No,35.8,DSL
1043-UXOVO,Two year,Credit card (automatic),Yes,113.15,Fiber optic
1064-FBXNK,One year,Credit card (automatic),No,19.85,No
3996-ZNWYK,Two year,Credit card (automatic),No,19.8,No
2878-DHMIN,One year,Electronic check,No,19.9,No
7762-ONLJY,One year,Mailed check,No,19.7,No
1678-FYZOW,Month-to-month,Electronic check,Yes,79.4,Fiber optic
5795-BKOYE,One year,Bank transfer (automatic),No,59.1,DSL
8627-EHGIP,One year,Mailed check,Yes,53.95,DSL
7402-PWYJJ,One year,Electronic check,Yes,91.15,Fiber optic
5480-TBGPH,Month-to-month,Credit card (automatic),Yes,99.3,Fiber optic
0018-NYROU,Month-to-month,Electronic check,Yes,68.95,Fiber optic
7501-VTYLJ,Month-to-month,Mailed check,No,51.55,DSL
7608-RGIRO,Two year,Mailed check,Yes,24.4,No
0480-BIXDE,Month-to-month,Electronic check,Yes,96.8,Fiber optic
5895-QSXOD,Month-to-month,Mailed check,No,70.05,Fiber optic
9814-AOUDH,Two year,Credit card (automatic),No,19.5,No
6175-IRFIT,Month-to-month,Mailed check,No,78.75,Fiber optic
8760-ZRHKE,One year,Electronic check,No,69.2,DSL
1622-HSHSF,Month-to-month,Mailed check,Yes,19.55,No
8854-CCVSQ,Month-to-month,Electronic check,Yes,80.65,Fiber optic
6749-UTDVX,Two year,Electronic check,Yes,103.65,Fiber optic
5542-DHSXL,Month-to-month,Mailed check,No,54.7,DSL
9102-OXKFY,Two year,Credit card (automatic),No,54.15,DSL
0511-JTEOY,Month-to-month,Mailed check,No,71.1,Fiber optic
5216-WASFJ,Month-to-month,Electronic check,Yes,84.85,Fiber optic
7808-DVWEP,Month-to-month,Bank transfer (automatic),No,20.0,No
7067-KSAZT,One year,Electronic check,Yes,106.25,Fiber optic
2284-VFLKH,One year,Credit card (automatic),Yes,99.25,Fiber optic
0366-NQSHS,Month-to-month,Mailed check,No,19.35,No
6532-YLWSI,One year,Bank transfer (automatic),No,20.8,No
3807-BPOMJ,One year,Electronic check,Yes,94.75,Fiber optic
3892-NXAZG,Two year,Credit card (automatic),Yes,114.05,Fiber optic
4948-WBBKL,Month-to-month,Bank transfer (automatic),Yes,74.9,Fiber optic
4182-BGSIQ,Month-to-month,Bank transfer (automatic),Yes,19.8,No
9300-AGZNL,Month-to-month,Electronic check,Yes,94.0,Fiber optic
0988-AADSA,Two year,Bank transfer (automatic),No,80.85,DSL
9972-NKTFD,Month-to-month,Bank transfer (automatic),No,54.65,DSL
3717-LNXKW,Month-to-month,Bank transfer (automatic),No,91.7,Fiber optic
5734-EJKXG,One year,Electronic check,Yes,118.6,Fiber optic
2207-RYYRL,Two year,Mailed check,No,24.55,No
6729-FZWSY,One year,Mailed check,Yes,19.45,No
9695-IDRZR,Two year,Credit card (automatic),Yes,116.15,Fiber optic
8144-DGHXP,Two year,Electronic check,No,80.6,DSL
7814-LEEVE,Month-to-month,Bank transfer (automatic),Yes,20.3,No
1112-CUNAO,Month-to-month,Electronic check,No,89.85,Fiber optic
5175-AOBHI,Month-to-month,Mailed check,Yes,46.0,DSL
5174-RNGBH,Month-to-month,Mailed check,No,66.25,DSL
8631-WUXGY,Month-to-month,Electronic check,Yes,99.8,Fiber optic
7270-BDIOA,Month-to-month,Electronic check,Yes,90.0,Fiber optic
9565-JSNFM,One year,Bank transfer (automatic),Yes,70.45,Fiber optic
5906-DVAPM,One year,Credit card (automatic),Yes,75.0,DSL
6654-QGBZZ,Month-to-month,Mailed check,No,19.9,No
8348-JLBUG,One year,Credit card (automatic),No,80.3,Fiber optic
0607-DAAHE,Two year,Bank transfer (automatic),No,19.75,No
5641-DMBFJ,Two year,Electronic check,Yes,84.3,DSL
9200-NLNPD,One year,Bank transfer (automatic),Yes,54.05,DSL
2664-XJZNO,Two year,Credit card (automatic),Yes,104.9,Fiber optic
9732-KPKBW,Month-to-month,Electronic check,Yes,53.95,DSL
3339-EAQNV,One year,Credit card (automatic),Yes,97.25,Fiber optic
0921-OHLVP,Month-to-month,Electronic check,No,83.05,Fiber optic
3389-YGYAI,Month-to-month,Electronic check,Yes,105.5,Fiber optic
9560-ARGQJ,Month-to-month,Electronic check,Yes,81.0,Fiber optic
8350-NYMVI,Month-to-month,Bank transfer (automatic),No,41.1,DSL
1600-DILPE,Month-to-month,Bank transfer (automatic),Yes,45.0,DSL
0536-ESJEP,Two year,Bank transfer (automatic),Yes,74.55,DSL
4654-GGUII,One year,Mailed check,Yes,40.2,DSL
6478-HRRCZ,One year,Mailed check,No,70.5,DSL
8510-BBWMU,One year,Mailed check,Yes,19.75,No
6857-TKDJV,Two year,Bank transfer (automatic),No,24.65,No
2360-RDGRO,Month-to-month,Electronic check,Yes,104.25,Fiber optic
0584-BJQGZ,Month-to-month,Bank transfer (automatic),Yes,78.35,DSL
5134-IKDAY,Month-to-month,Electronic check,Yes,69.8,Fiber optic
1360-XFJMR,One year,Credit card (automatic),Yes,109.7,Fiber optic
3070-DVEYC,Month-to-month,Mailed check,No,73.75,Fiber optic
5730-RIITO,Month-to-month,Credit card (automatic),Yes,33.45,DSL
9058-MJLZC,Month-to-month,Electronic check,Yes,94.6,Fiber optic
5707-ORNDZ,Month-to-month,Electronic check,No,54.55,DSL
0902-XKXPN,Two year,Bank transfer (automatic),No,20.2,No
5177-RVZNU,One year,Bank transfer (automatic),No,20.3,No
0056-EPFBG,Two year,Credit card (automatic),Yes,39.4,DSL
8993-IZEUX,Month-to-month,Bank transfer (automatic),No,69.15,Fiber optic
8696-JKZNU,Month-to-month,Electronic check,Yes,76.25,Fiber optic
5380-AFSSK,Month-to-month,Mailed check,Yes,93.9,Fiber optic
8190-ZTQFB,One year,Electronic check,Yes,51.35,DSL
0931-MHTEM,One year,Credit card (automatic),Yes,100.05,Fiber optic
2055-PDADH,Month-to-month,Electronic check,Yes,70.4,Fiber optic
7515-LODFU,Two year,Credit card (automatic),No,20.3,No
0440-UEDAI,One year,Credit card (automatic),Yes,94.45,Fiber optic
1337-BOZWO,One year,Credit card (automatic),No,46.4,DSL
0868-VJRDR,Two year,Credit card (automatic),Yes,104.05,Fiber optic
8714-EUHJO,Month-to-month,Electronic check,Yes,91.15,Fiber optic
6344-SFJVH,Month-to-month,Credit card (automatic),No,24.9,DSL
3950-VPYJB,One year,Mailed check,No,59.6,DSL
8041-TMEID,Two year,Credit card (automatic),No,108.5,Fiber optic
7321-ZNSLA,Two year,Mailed check,No,40.55,DSL
6941-KXRRV,One year,Bank transfer (automatic),Yes,58.95,DSL
3721-CNEYS,Month-to-month,Electronic check,Yes,70.95,Fiber optic
8727-JQFHV,Two year,Mailed check,No,20.75,No
9475-NNDGC,One year,Bank transfer (automatic),Yes,113.15,Fiber optic
1355-KUSBG,Month-to-month,Electronic check,No,48.8,DSL
3688-FTHLT,Month-to-month,Bank transfer (automatic),Yes,63.05,DSL
0899-LIIBW,Month-to-month,Electronic check,No,100.85,Fiber optic
2568-OIADY,Month-to-month,Electronic check,Yes,99.5,Fiber optic
1384-RCUXW,Month-to-month,Mailed check,Yes,80.55,Fiber optic
5825-XJOCM,One year,Bank transfer (automatic),Yes,64.4,DSL
6848-YLDFR,One year,Credit card (automatic),Yes,75.2,DSL
8125-QPFJD,Two year,Bank transfer (automatic),Yes,84.9,DSL
2320-YKQBO,Month-to-month,Mailed check,No,19.3,No
1193-RTSLK,Month-to-month,Credit card (automatic),Yes,83.9,Fiber optic
2302-ANTDP,Month-to-month,Electronic check,No,117.45,Fiber optic
5923-GXUOC,Month-to-month,Electronic check,Yes,104.4,Fiber optic
4973-RLZVI,One year,Credit card (automatic),No,74.65,DSL
7869-ZYDST,Month-to-month,Credit card (automatic),Yes,59.05,DSL
4501-UYKBC,One year,Credit card (automatic),Yes,69.1,DSL
1215-EXRMO,Two year,Mailed check,No,20.55,No
2305-MRGLV,Month-to-month,Bank transfer (automatic),No,76.55,Fiber optic
8404-VIOMB,Two year,Bank transfer (automatic),Yes,62.5,DSL
5233-GEEAX,Month-to-month,Electronic check,Yes,29.4,DSL
2359-KLTEK,Month-to-month,Bank transfer (automatic),Yes,94.9,Fiber optic
5304-EFJLP,Two year,Bank transfer (automatic),Yes,111.65,Fiber optic
2673-ZALNP,One year,Mailed check,No,19.9,No
9184-GALIL,Month-to-month,Mailed check,No,20.45,No
4393-RYCRE,One year,Electronic check,Yes,106.05,Fiber optic
9746-MDMBK,One year,Bank transfer (automatic),Yes,113.45,Fiber optic
3162-ZJZFU,Month-to-month,Electronic check,Yes,92.55,Fiber optic
8404-GFGCZ,Month-to-month,Electronic check,No,65.6,DSL
8875-AKBYH,Month-to-month,Electronic check,Yes,84.35,Fiber optic
4432-ADRLB,Month-to-month,Mailed check,No,44.65,DSL
0533-UCAAU,One year,Credit card (automatic),Yes,71.1,DSL
1394-SUIUH,Month-to-month,Electronic check,Yes,85.15,Fiber optic
3521-MNKLV,Month-to-month,Mailed check,Yes,49.7,DSL
2533-TIBIX,Month-to-month,Bank transfer (automatic),Yes,30.2,DSL
8993-PHFWD,Month-to-month,Electronic check,No,25.25,DSL
1565-RHDJD,Month-to-month,Bank transfer (automatic),No,84.05,Fiber optic
7137-RYLPP,Month-to-month,Electronic check,Yes,85.7,Fiber optic
3765-JXVKY,Month-to-month,Electronic check,Yes,74.7,Fiber optic
5092-STPKP,Month-to-month,Credit card (automatic),No,56.35,DSL
7330-WZLNC,Month-to-month,Electronic check,Yes,90.8,Fiber optic
0114-PEGZZ,Month-to-month,Electronic check,No,107.55,Fiber optic
3359-DSRKA,Two year,Mailed check,Yes,19.85,No
8639-NHQEI,Two year,Bank transfer (automatic),Yes,95.9,Fiber optic
7161-DFHUF,Two year,Mailed check,No,23.85,No
3957-LXOLK,Month-to-month,Electronic check,Yes,106.15,Fiber optic
3720-DBRWL,Two year,Credit card (automatic),Yes,83.85,DSL
6635-MYYYZ,One year,Bank transfer (automatic),No,85.35,DSL
8565-WUXZU,Two year,Credit card (automatic),Yes,84.8,Fiber optic
5281-BUZGT,Month-to-month,Electronic check,Yes,90.85,Fiber optic
4994-OBRSZ,Two year,Bank transfer (automatic),No,76.1,DSL
0562-FGDCR,Two year,Mailed check,No,74.55,DSL
2436-QBZFP,Month-to-month,Electronic check,No,39.2,DSL
3420-YJLQT,Month-to-month,Electronic check,No,79.55,Fiber optic
6040-CGACY,Month-to-month,Mailed check,No,19.6,No
6582-PLFUU,Two year,Credit card (automatic),No,19.55,No
8242-PDSGJ,Two year,Credit card (automatic),Yes,39.15,DSL
0264-CNITK,Two year,Bank transfer (automatic),No,20.1,No
0089-IIQKO,Month-to-month,Credit card (automatic),Yes,99.95,Fiber optic
7839-NUIAA,Month-to-month,Electronic check,No,59.8,DSL
6075-QMNRR,Month-to-month,Bank transfer (automatic),Yes,49.75,DSL
5378-IKEEG,Month-to-month,Electronic check,Yes,35.75,DSL
5966-EMAZU,One year,Mailed check,Yes,108.5,Fiber optic
0440-EKDCF,Two year,Credit card (automatic),Yes,60.15,DSL
4774-HHGGS,Two year,Mailed check,No,19.05,No
2718-GAXQD,Month-to-month,Electronic check,No,46.0,DSL
2055-BFOCC,One year,Bank transfer (automatic),Yes,84.0,DSL
8180-AKMJV,Month-to-month,Credit card (automatic),Yes,44.55,DSL
4298-OYIFC,Month-to-month,Electronic check,Yes,103.45,Fiber optic
5566-SOEZD,One year,Credit card (automatic),Yes,80.65,Fiber optic
9842-EFSYY,Month-to-month,Mailed check,Yes,57.2,DSL
2272-WUSPA,Two year,Electronic check,Yes,110.75,Fiber optic
4584-LBNMK,One year,Credit card (automatic),No,24.7,No
3898-GUYTS,Month-to-month,Electronic check,Yes,97.05,Fiber optic
0930-EHUZA,One year,Mailed check,Yes,76.35,DSL
6413-XKKPU,Month-to-month,Electronic check,Yes,89.4,Fiber optic
9975-SKRNR,Month-to-month,Mailed check,No,18.9,No
3703-KBKZP,Month-to-month,Bank transfer (automatic),Yes,74.45,Fiber optic
1449-XQEMT,Month-to-month,Mailed check,Yes,19.8,No
2626-URJFX,Month-to-month,Electronic check,Yes,50.9,DSL
4973-MGTON,Two year,Credit card (automatic),Yes,84.4,DSL
3682-YEUWS,Month-to-month,Mailed check,Yes,24.4,No
1223-UNPKS,Two year,Mailed check,No,20.05,No
2612-RRIDN,Month-to-month,Electronic check,Yes,81.0,Fiber optic
4735-ASGMA,Month-to-month,Electronic check,Yes,98.35,Fiber optic
3446-QDSZF,Month-to-month,Credit card (automatic),No,55.5,DSL
3669-LVWZB,Month-to-month,Mailed check,Yes,51.0,DSL
6892-EZDTG,Month-to-month,Electronic check,Yes,91.65,Fiber optic
5117-IFGPS,Month-to-month,Electronic check,Yes,84.3,Fiber optic
7379-FNIUJ,Month-to-month,Electronic check,No,100.2,Fiber optic
1627-AFWVJ,Two year,Mailed check,No,19.4,No
9725-SCPZG,Month-to-month,Electronic check,Yes,90.85,Fiber optic
5884-GCYMI,Month-to-month,Mailed check,No,69.4,Fiber optic
3217-FZDMN,Month-to-month,Credit card (automatic),Yes,94.45,Fiber optic
4486-EFAEB,Month-to-month,Electronic check,Yes,20.4,No
0060-FUALY,Month-to-month,Electronic check,Yes,94.75,Fiber optic
7853-GVUDZ,Month-to-month,Credit card (automatic),Yes,20.15,No
7480-QNVZJ,Month-to-month,Electronic check,Yes,95.7,Fiber optic
6954-OOYZZ,Month-to-month,Bank transfer (automatic),Yes,44.35,DSL
7088-FBAWU,Month-to-month,Mailed check,No,74.55,DSL
8313-AFGBW,Two year,Electronic check,No,73.6,DSL
3943-KDREE,Month-to-month,Bank transfer (automatic),Yes,74.95,Fiber optic
9239-ZBZZV,Month-to-month,Electronic check,Yes,47.95,DSL
3097-IDVPU,Month-to-month,Credit card (automatic),No,50.1,DSL
4398-HSCJH,Month-to-month,Electronic check,Yes,63.6,DSL
2197-OMWGI,Two year,Electronic check,Yes,53.0,DSL
2303-PJYHN,Month-to-month,Bank transfer (automatic),No,19.85,No
9795-VOWON,One year,Credit card (automatic),Yes,24.35,DSL
1237-WIYYZ,Month-to-month,Mailed check,Yes,19.55,No
1987-AUELQ,Two year,Credit card (automatic),No,25.05,No
7852-LECYP,Month-to-month,Credit card (automatic),No,93.8,Fiber optic
4430-UZIPO,Month-to-month,Mailed check,Yes,36.85,DSL
4822-LPTYJ,Two year,Bank transfer (automatic),Yes,103.75,Fiber optic
8165-CBKXO,Two year,Credit card (automatic),Yes,56.75,DSL
6527-PZFPV,One year,Credit card (automatic),Yes,20.8,No
4855-SNKMY,Month-to-month,Electronic check,Yes,44.1,DSL
9593-CVZKR,Two year,Mailed check,Yes,24.45,No
8595-SIZNC,One year,Bank transfer (automatic),No,25.6,No
8008-HAWED,Month-to-month,Electronic check,Yes,50.75,DSL
7124-UGSUR,One year,Credit card (automatic),Yes,104.4,Fiber optic
1862-SKORY,Month-to-month,Electronic check,Yes,39.3,DSL
5236-XMZJY,Month-to-month,Bank transfer (automatic),No,59.65,DSL
4827-DPADN,Two year,Bank transfer (automatic),Yes,83.3,DSL
2694-CIUMO,Month-to-month,Credit card (automatic),Yes,79.55,Fiber optic
5846-ABOBJ,Two year,Bank transfer (automatic),No,24.45,No
1439-LCGVL,One year,Mailed check,No,19.2,No
0909-SDHNU,Month-to-month,Mailed check,No,29.8,DSL
4647-XXZAM,Month-to-month,Mailed check,No,45.5,DSL
1502-XFCVR,One year,Electronic check,Yes,106.45,Fiber optic
7740-KKCXF,Month-to-month,Credit card (automatic),Yes,30.05,DSL
5360-XGYAZ,Two year,Bank transfer (automatic),Yes,65.65,DSL
9692-TUSXH,Month-to-month,Electronic check,Yes,96.05,Fiber optic
7912-SYRQT,Month-to-month,Bank transfer (automatic),Yes,75.1,Fiber optic
3557-HTYWR,Two year,Mailed check,No,74.05,DSL
4816-JBHOV,Month-to-month,Electronic check,Yes,44.7,DSL
8920-NAVAY,One year,Bank transfer (automatic),Yes,110.75,Fiber optic
1699-TLDLZ,Two year,Mailed check,No,19.7,No
5600-PDUJF,Month-to-month,Credit card (automatic),Yes,49.5,DSL
8292-TYSPY,Month-to-month,Credit card (automatic),Yes,55.0,DSL
0567-XRHCU,Two year,Credit card (automatic),Yes,43.95,DSL
1867-BDVFH,Month-to-month,Electronic check,Yes,74.35,Fiber optic
2067-QYTCF,Month-to-month,Electronic check,Yes,111.15,Fiber optic
2359-QWQUL,One year,Credit card (automatic),Yes,104.7,Fiber optic
9103-TCIHJ,Month-to-month,Mailed check,Yes,55.7,DSL
7407-SUJIZ,Month-to-month,Mailed check,No,20.6,No
9150-KPBJQ,Two year,Credit card (automatic),No,19.65,No
0052-DCKON,One year,Bank transfer (automatic),No,115.8,Fiber optic
3654-ARMGP,Two year,Credit card (automatic),No,88.65,DSL
9699-UBQFS,Month-to-month,Electronic check,Yes,94.5,Fiber optic
9367-TCUYN,Month-to-month,Mailed check,No,20.1,No
1261-FWTTE,Month-to-month,Bank transfer (automatic),Yes,34.65,DSL
3528-HFRIQ,Month-to-month,Bank transfer (automatic),Yes,52.3,DSL
0708-SJDIS,Month-to-month,Mailed check,No,65.0,DSL
4140-WJAWW,Month-to-month,Credit card (automatic),No,19.85,No
2073-QBVBI,One year,Mailed check,No,35.45,DSL
6928-ONTRW,Two year,Credit card (automatic),No,19.7,No
3320-VEOYC,Month-to-month,Electronic check,Yes,95.6,Fiber optic
5231-FIQPA,Two year,Mailed check,Yes,19.85,No
6617-WLBQC,One year,Credit card (automatic),No,81.85,Fiber optic
2599-CIPQE,Two year,Credit card (automatic),No,109.3,Fiber optic
6653-CBBOM,Month-to-month,Electronic check,Yes,70.3,Fiber optic
8774-GSBUN,Two year,Mailed check,No,25.4,No
7326-RIGQZ,Month-to-month,Electronic check,Yes,69.8,Fiber optic
1401-FTHFQ,One year,Credit card (automatic),Yes,20.0,No
3247-ZVOUO,Month-to-month,Electronic check,No,85.55,Fiber optic
0254-FNMCI,Two year,Electronic check,Yes,109.9,Fiber optic
1848-LBZHY,Month-to-month,Bank transfer (automatic),Yes,50.3,DSL
6101-IMRMM,Month-to-month,Mailed check,No,94.5,Fiber optic
8118-TJAFG,Month-to-month,Electronic check,Yes,101.5,Fiber optic
5429-LWCMV,Month-to-month,Electronic check,Yes,89.15,Fiber optic
7298-IZWLY,Month-to-month,Mailed check,Yes,19.4,No
9758-MFWGD,One year,Bank transfer (automatic),No,29.9,DSL
3955-JBZZM,Month-to-month,Electronic check,No,78.8,Fiber optic
1268-ASBGA,Month-to-month,Credit card (automatic),Yes,85.35,Fiber optic
8943-URTMR,Month-to-month,Mailed check,Yes,79.65,Fiber optic
4815-TUMEQ,One year,Mailed check,Yes,19.3,No
4713-LZDRV,Month-to-month,Electronic check,Yes,79.6,Fiber optic
9909-IDLEK,Month-to-month,Mailed check,No,96.8,Fiber optic
4092-OFQZS,One year,Mailed check,No,20.65,No
1561-BWHIN,One year,Mailed check,No,19.8,No
4325-NFSKC,Month-to-month,Electronic check,Yes,90.6,Fiber optic
9927-DSWDF,Month-to-month,Electronic check,Yes,104.6,Fiber optic
9500-LTVBP,Month-to-month,Credit card (automatic),No,80.05,Fiber optic
7252-NTGSS,Month-to-month,Mailed check,No,45.15,DSL
8149-AIQCG,Month-to-month,Credit card (automatic),Yes,73.15,Fiber optic
1360-JYXKQ,One year,Electronic check,Yes,99.1,Fiber optic
2955-PSXOE,Month-to-month,Bank transfer (automatic),Yes,20.2,No
7762-URZQH,Two year,Credit card (automatic),Yes,106.05,Fiber optic
0899-WZRSD,Month-to-month,Mailed check,Yes,105.35,Fiber optic
3255-GRXMG,Month-to-month,Credit card (automatic),Yes,45.65,DSL
4828-FAZPK,Month-to-month,Credit card (automatic),Yes,79.95,Fiber optic
6094-ZIVKX,One year,Credit card (automatic),Yes,54.45,DSL
6925-BAYGL,Two year,Credit card (automatic),No,25.1,No
3262-EIDHV,Two year,Credit card (automatic),No,84.7,DSL
7354-OIJLX,Month-to-month,Electronic check,Yes,75.85,Fiber optic
1376-HHBDV,Month-to-month,Mailed check,Yes,48.8,DSL
6907-NZZIJ,Month-to-month,Electronic check,Yes,99.15,Fiber optic
6133-OZILE,Month-to-month,Electronic check,Yes,35.2,DSL
4135-FRWKJ,One year,Electronic check,No,76.25,DSL
2911-UREFD,Month-to-month,Electronic check,No,55.9,DSL
3744-ZRRDZ,Month-to-month,Electronic check,Yes,82.35,Fiber optic
5673-TIYIB,Month-to-month,Credit card (automatic),Yes,40.4,DSL
6551-ZCOTS,One year,Bank transfer (automatic),Yes,24.9,No
7191-ADRGF,Two year,Bank transfer (automatic),No,54.3,DSL
5018-LXQQG,Month-to-month,Bank transfer (automatic),No,66.3,DSL
6892-BOGQE,Two year,Bank transfer (automatic),Yes,20.9,No
1602-IJQQE,Month-to-month,Electronic check,No,75.35,Fiber optic
4628-WQCQQ,One year,Electronic check,Yes,85.15,Fiber optic
1746-TGTWV,Month-to-month,Credit card (automatic),No,75.35,Fiber optic
5995-SNNEW,Month-to-month,Electronic check,Yes,104.45,Fiber optic
8050-WYBND,One year,Credit card (automatic),Yes,49.45,DSL
2821-WARNZ,One year,Credit card (automatic),No,19.45,No
4879-GZLFH,Month-to-month,Electronic check,Yes,92.15,Fiber optic
1644-IRKSF,One year,Electronic check,Yes,93.8,Fiber optic
8314-HTWVE,Two year,Mailed check,No,19.85,No
9402-ROUMJ,One year,Bank transfer (automatic),Yes,100.25,Fiber optic
2507-QZPQS,Month-to-month,Electronic check,No,95.7,Fiber optic
7159-NOKYQ,Two year,Electronic check,Yes,93.15,Fiber optic
5707-ZMDJP,Two year,Mailed check,Yes,69.7,DSL
8779-YIQQA,One year,Mailed check,No,19.8,No
7136-IHZJA,Month-to-month,Mailed check,Yes,71.35,DSL
8966-OIQHG,One year,Bank transfer (automatic),No,20.75,No
7074-STDCN,Month-to-month,Electronic check,Yes,40.6,DSL
3705-PSNGL,One year,Electronic check,Yes,20.4,No
8739-QOTTN,Month-to-month,Mailed check,No,20.35,No
1399-OUPJN,Two year,Bank transfer (automatic),No,19.75,No
0277-BKSQP,Month-to-month,Electronic check,Yes,54.4,DSL
6502-HCJTI,Month-to-month,Credit card (automatic),Yes,94.7,Fiber optic
2606-RMDHZ,Month-to-month,Credit card (automatic),Yes,30.5,DSL
5774-XZTQC,Month-to-month,Mailed check,No,20.45,No
2676-SSLTO,Two year,Bank transfer (automatic),Yes,66.15,DSL
6266-QHOJZ,One year,Electronic check,Yes,89.85,Fiber optic
7269-JISCY,One year,Bank transfer (automatic),No,45.05,DSL
0363-SVHYR,Two year,Bank transfer (automatic),No,86.85,DSL
8547-NSBBO,Month-to-month,Mailed check,Yes,96.75,Fiber optic
8258-GSTJK,Month-to-month,Electronic check,Yes,77.0,Fiber optic
6861-OKBCE,Month-to-month,Credit card (automatic),No,20.1,No
9940-RHLFB,Month-to-month,Electronic check,No,75.3,Fiber optic
6591-QGOYB,Month-to-month,Bank transfer (automatic),Yes,106.65,Fiber optic
9070-BCKQP,Two year,Credit card (automatic),Yes,110.15,Fiber optic
6421-SZVEM,One year,Bank transfer (automatic),Yes,82.85,Fiber optic
1328-EUZHC,Two year,Mailed check,No,20.1,No
2995-UPRYS,One year,Credit card (automatic),Yes,99.2,Fiber optic
8878-RYUKI,Month-to-month,Electronic check,Yes,59.45,DSL
9633-DENPU,Month-to-month,Bank transfer (automatic),Yes,58.6,DSL
7811-JIVPF,Month-to-month,Credit card (automatic),No,49.7,DSL
7113-HIPFI,Two year,Mailed check,No,65.85,DSL
8541-QVFKM,Month-to-month,Electronic check,Yes,73.5,Fiber optic
6686-YPGHK,Month-to-month,Mailed check,No,85.5,Fiber optic
1383-EZRWL,Month-to-month,Mailed check,No,20.05,No
9258-CNWAC,Two year,Credit card (automatic),No,113.65,Fiber optic
5371-VYLSX,Month-to-month,Electronic check,Yes,83.4,Fiber optic
6374-AFWOX,Two year,Mailed check,No,65.65,DSL
4759-TRPLW,Month-to-month,Electronic check,No,70.4,Fiber optic
5317-FLPJF,Two year,Bank transfer (automatic),Yes,61.35,DSL
7621-VPNET,Month-to-month,Credit card (automatic),Yes,85.9,Fiber optic
6034-YMTOB,Month-to-month,Mailed check,Yes,75.65,Fiber optic
8563-IIOXK,One year,Electronic check,Yes,49.75,DSL
4903-CNOZC,One year,Credit card (automatic),No,70.9,DSL
4353-HYOJD,Month-to-month,Mailed check,No,49.85,DSL
8020-BWHYL,Month-to-month,Credit card (automatic),Yes,75.3,Fiber optic
7267-FRMJW,Two year,Mailed check,No,20.1,No
2982-VPSGI,Month-to-month,Electronic check,Yes,94.0,Fiber optic
4188-FRABG,Month-to-month,Electronic check,Yes,103.05,Fiber optic
8199-ZLLSA,One year,Bank transfer (automatic),Yes,118.35,Fiber optic
4128-ETESU,Month-to-month,Electronic check,No,99.7,Fiber optic
0620-DLSLK,Month-to-month,Mailed check,Yes,81.9,Fiber optic
4625-EWPTF,Month-to-month,Electronic check,Yes,30.45,DSL
5980-NOPLP,Month-to-month,Electronic check,Yes,96.1,Fiber optic
3850-OKINF,One year,Electronic check,Yes,66.2,DSL
6892-XPFPU,Month-to-month,Electronic check,Yes,104.25,Fiber optic
8010-EZLOU,Month-to-month,Electronic check,Yes,80.2,Fiber optic
1156-ZFYDO,Month-to-month,Electronic check,No,19.75,No
3295-YVUSR,Month-to-month,Mailed check,Yes,72.6,Fiber optic
8016-NCFVO,Month-to-month,Electronic check,Yes,116.5,Fiber optic
4119-ZYPZY,Two year,Electronic check,Yes,106.8,Fiber optic
5549-ZGHFB,Two year,Mailed check,No,24.95,No
7577-SWIFR,Month-to-month,Electronic check,Yes,89.25,Fiber optic
0303-WMMRN,Month-to-month,Mailed check,Yes,19.25,No
6408-OTUBZ,One year,Bank transfer (automatic),Yes,104.55,Fiber optic
5204-HMGYF,One year,Mailed check,Yes,87.2,DSL
1078-TDCRN,Month-to-month,Electronic check,Yes,30.75,DSL
3727-OVPRY,One year,Credit card (automatic),Yes,25.7,No
3797-FKOGQ,Month-to-month,Electronic check,No,86.2,Fiber optic
7622-NXQZR,Month-to-month,Credit card (automatic),Yes,30.1,DSL
6196-HBOBZ,Two year,Electronic check,Yes,99.35,Fiber optic
3970-XGJDU,Two year,Credit card (automatic),Yes,19.2,No
7017-VFULY,Month-to-month,Bank transfer (automatic),No,20.1,No
5562-YJQGT,Month-to-month,Credit card (automatic),No,20.35,No
8807-OPMBM,Two year,Credit card (automatic),Yes,25.65,No
5439-WIKXB,Month-to-month,Electronic check,Yes,94.55,Fiber optic
9874-QLCLH,Month-to-month,Electronic check,Yes,104.2,Fiber optic
8294-UIMBA,One year,Bank transfer (automatic),Yes,94.4,Fiber optic
8109-YUOHE,One year,Mailed check,No,56.1,DSL
5840-NVDCG,Two year,Bank transfer (automatic),No,68.25,DSL
8092-NLTGF,Two year,Bank transfer (automatic),No,24.75,No
5928-QLDHB,Month-to-month,Electronic check,Yes,76.25,Fiber optic
9840-EFJQB,Month-to-month,Electronic check,No,74.35,Fiber optic
0696-UKTOX,Month-to-month,Electronic check,No,54.15,DSL
4801-KFYKL,Month-to-month,Bank transfer (automatic),No,19.45,No
3472-OAOOR,Month-to-month,Mailed check,Yes,34.95,DSL
6135-OZQVA,Month-to-month,Electronic check,Yes,53.65,DSL
8062-YBDOE,Month-to-month,Electronic check,Yes,69.65,Fiber optic
2252-JHJGE,One year,Electronic check,No,104.0,Fiber optic
4188-PCPIG,Two year,Credit card (automatic),Yes,70.35,DSL
6000-APYLU,Month-to-month,Electronic check,Yes,80.8,Fiber optic
7105-BENQF,One year,Mailed check,No,64.85,DSL
7721-DVEKZ,Month-to-month,Mailed check,No,19.65,No
3566-VVORZ,Month-to-month,Bank transfer (automatic),No,45.9,DSL
9507-HSMMZ,Two year,Mailed check,No,20.0,No
2480-SQIOB,Month-to-month,Electronic check,No,44.8,DSL
0947-IDHRQ,Month-to-month,Mailed check,Yes,80.3,Fiber optic
7813-TKCVO,One year,Mailed check,No,20.35,No
0128-MKWSG,Month-to-month,Mailed check,No,45.8,DSL
3672-YITQD,Month-to-month,Electronic check,Yes,84.1,Fiber optic
4350-ZTLPI,One year,Bank transfer (automatic),Yes,108.95,Fiber optic
9048-JVYVF,Month-to-month,Electronic check,Yes,69.35,DSL
0361-HJRDX,Two year,Credit card (automatic),No,64.35,DSL
5727-MYATE,Two year,Credit card (automatic),Yes,90.8,DSL
3823-KYNQY,One year,Credit card (automatic),No,24.95,No
8988-ECPJR,Month-to-month,Mailed check,Yes,79.6,Fiber optic
7570-WELNY,Two year,Bank transfer (automatic),Yes,84.7,Fiber optic
3021-VLNRJ,One year,Credit card (automatic),Yes,70.8,DSL
3776-EKTKM,Month-to-month,Electronic check,Yes,36.45,DSL
2080-CAZNM,Month-to-month,Electronic check,Yes,104.4,Fiber optic
1028-FFNJK,Month-to-month,Electronic check,Yes,101.5,Fiber optic
6907-FLBER,Month-to-month,Electronic check,No,54.3,DSL
3001-UNBTL,Month-to-month,Electronic check,Yes,103.95,Fiber optic
5982-PSMKW,Two year,Credit card (automatic),Yes,91.1,DSL
3507-GASNP,Two year,Mailed check,No,19.95,No
7096-ZNBZI,Two year,Credit card (automatic),No,26.45,No
1902-XBTFB,Month-to-month,Electronic check,Yes,89.4,Fiber optic
1676-MQAOA,Two year,Bank transfer (automatic),Yes,75.1,DSL
0786-IVLAW,One year,Bank transfer (automatic),No,108.1,Fiber optic
7566-DSRLQ,Two year,Electronic check,Yes,110.15,Fiber optic
0643-OKLRP,Month-to-month,Electronic check,No,80.35,Fiber optic
7245-JMTTQ,One year,Electronic check,Yes,111.5,Fiber optic
6050-IJRHS,One year,Electronic check,Yes,106.5,Fiber optic
6202-JVYEU,One year,Electronic check,Yes,19.9,No
8591-TKMZH,Two year,Mailed check,Yes,111.1,Fiber optic
0734-OXWBT,Month-to-month,Mailed check,No,70.7,DSL
4282-ACRXS,Month-to-month,Electronic check,Yes,24.85,DSL
0365-TRTPY,Month-to-month,Bank transfer (automatic),No,91.2,Fiber optic
7349-ALMUX,Two year,Bank transfer (automatic),No,65.6,DSL
9381-NDKME,Month-to-month,Credit card (automatic),Yes,40.65,DSL
6502-KUGLL,Month-to-month,Bank transfer (automatic),No,59.45,DSL
1841-YSJGV,Two year,Credit card (automatic),Yes,109.95,Fiber optic
2794-XIMMO,One year,Electronic check,Yes,60.45,DSL
8382-SHQEH,Month-to-month,Electronic check,Yes,84.9,Fiber optic
3511-BFTJW,Two year,Credit card (automatic),No,38.5,DSL
7668-XCFYV,Month-to-month,Electronic check,Yes,92.55,Fiber optic
2983-ZANRP,Month-to-month,Bank transfer (automatic),Yes,73.55,Fiber optic
7845-URHJN,Month-to-month,Bank transfer (automatic),No,20.15,No
3034-ZBEQN,One year,Mailed check,No,34.7,DSL
5018-HEKFO,Month-to-month,Mailed check,Yes,24.5,No
2923-ARZLG,One year,Mailed check,Yes,19.7,No
3976-NLDEZ,Month-to-month,Mailed check,No,20.6,No
2282-YGNOR,One year,Credit card (automatic),No,58.0,DSL
5336-UFNZP,One year,Electronic check,Yes,107.45,Fiber optic
6854-EXGSF,Month-to-month,Bank transfer (automatic),Yes,65.5,DSL
1241-EZFMJ,Two year,Bank transfer (automatic),No,25.45,No
9233-PSYHO,One year,Bank transfer (automatic),Yes,100.15,Fiber optic
5376-PCKNB,One year,Credit card (automatic),Yes,104.45,Fiber optic
8044-BGWPI,Month-to-month,Electronic check,Yes,21.15,No
4060-LDNLU,Month-to-month,Electronic check,No,96.2,Fiber optic
3589-PPVKW,Month-to-month,Mailed check,Yes,44.4,DSL
8327-LZKAS,One year,Electronic check,Yes,107.55,Fiber optic
5887-IKKYO,Two year,Bank transfer (automatic),No,94.35,Fiber optic
1075-BGWOH,Month-to-month,Electronic check,Yes,98.75,Fiber optic
1755-RMCXH,Month-to-month,Mailed check,No,20.3,No
0302-JOIVN,Month-to-month,Electronic check,No,101.15,Fiber optic
3858-XHYJO,One year,Bank transfer (automatic),No,105.75,Fiber optic
4299-SIMNS,Month-to-month,Electronic check,Yes,81.15,Fiber optic
7025-IWFHT,One year,Electronic check,Yes,89.55,Fiber optic
6261-LHRTG,Month-to-month,Credit card (automatic),Yes,54.75,DSL
7841-FCRQD,One year,Credit card (automatic),Yes,53.75,DSL
2056-EVGZL,One year,Credit card (automatic),No,105.75,Fiber optic
8777-MBMTS,Two year,Credit card (automatic),Yes,105.85,Fiber optic
7753-USQYQ,One year,Electronic check,Yes,64.2,DSL
5366-IJEQJ,Month-to-month,Electronic check,Yes,88.7,Fiber optic
7661-CPURM,One year,Credit card (automatic),Yes,87.7,Fiber optic
6233-HXJMX,Month-to-month,Credit card (automatic),Yes,89.3,Fiber optic
5902-WBLSE,Two year,Credit card (automatic),Yes,20.15,No
1981-INRFU,Month-to-month,Electronic check,Yes,79.75,Fiber optic
4971-PUYQO,Month-to-month,Mailed check,Yes,94.55,Fiber optic
3239-TPHPZ,Two year,Electronic check,Yes,20.05,No
5115-GZDEL,Two year,Credit card (automatic),No,67.2,DSL
3338-CVVEH,Month-to-month,Electronic check,No,94.55,Fiber optic
8485-GJCDN,Month-to-month,Mailed check,Yes,69.05,Fiber optic
2615-YVMYX,Month-to-month,Electronic check,Yes,107.5,Fiber optic
2851-STERV,One year,Electronic check,Yes,73.0,DSL
4393-GEADV,Two year,Credit card (automatic),No,114.75,Fiber optic
8486-AYEQH,Month-to-month,Electronic check,Yes,76.05,Fiber optic
1527-SXDPN,Two year,Bank transfer (automatic),Yes,96.25,Fiber optic
6029-WTIPC,Month-to-month,Electronic check,Yes,101.1,Fiber optic
8634-CILSZ,One year,Bank transfer (automatic),Yes,104.7,Fiber optic
5419-JKZNQ,Month-to-month,Mailed check,No,77.9,Fiber optic
2495-KZNFB,Month-to-month,Electronic check,Yes,90.65,Fiber optic
1409-PHXTF,Two year,Electronic check,Yes,110.45,Fiber optic
4560-WQAQW,One year,Bank transfer (automatic),No,68.7,DSL
9591-YVTEB,Month-to-month,Electronic check,Yes,44.85,DSL
9309-BZGNT,One year,Credit card (automatic),Yes,29.8,DSL
4274-DRSQT,One year,Bank transfer (automatic),Yes,88.9,Fiber optic
2027-DNKIV,One year,Mailed check,Yes,58.75,DSL
8075-GXIUB,One year,Credit card (automatic),No,19.85,No
2885-HIJDH,Two year,Bank transfer (automatic),No,86.9,DSL
5424-RLQLC,Month-to-month,Mailed check,Yes,59.65,DSL
6682-QJDGB,Month-to-month,Mailed check,Yes,55.25,DSL
6507-DTJZV,Month-to-month,Credit card (automatic),No,66.4,DSL
8780-IXSTS,Month-to-month,Electronic check,Yes,90.1,Fiber optic
7673-BQGKU,Two year,Bank transfer (automatic),No,20.15,No
6723-WSNTY,One year,Credit card (automatic),Yes,108.1,Fiber optic
9530-EHPOH,Month-to-month,Electronic check,No,53.75,DSL
2725-IWWBA,One year,Mailed check,No,56.9,DSL
0345-HKJVM,Month-to-month,Electronic check,No,89.3,Fiber optic
1061-PNTHC,Month-to-month,Mailed check,Yes,109.6,Fiber optic
0394-YONDK,Two year,Credit card (automatic),No,25.15,No
6574-MCOEH,One year,Electronic check,Yes,79.15,DSL
7399-QHBJS,Two year,Credit card (automatic),No,66.75,DSL
3049-SOLAY,Month-to-month,Electronic check,Yes,95.2,Fiber optic
0997-YTLNY,Month-to-month,Mailed check,No,48.8,DSL
3317-HRTNN,Month-to-month,Electronic check,No,45.7,DSL
9479-HYNYL,Two year,Credit card (automatic),Yes,80.7,DSL
3235-ETOOB,Month-to-month,Electronic check,Yes,74.5,Fiber optic
9708-KFDBY,Month-to-month,Credit card (automatic),No,20.55,No
8058-INTPH,Month-to-month,Electronic check,Yes,79.65,Fiber optic
3642-GKTCT,One year,Mailed check,Yes,115.1,Fiber optic
0774-RMNUW,Two year,Bank transfer (automatic),No,59.7,DSL
1334-PDUKM,One year,Credit card (automatic),No,86.45,Fiber optic
0756-MPZRL,One year,Credit card (automatic),No,33.7,DSL
2242-MFOTG,One year,Bank transfer (automatic),No,80.1,Fiber optic
2927-CVULT,Two year,Bank transfer (automatic),Yes,104.05,Fiber optic
2144-BFDSO,Month-to-month,Bank transfer (automatic),No,108.75,Fiber optic
8745-PVESG,One year,Credit card (automatic),Yes,41.1,DSL
7647-GYYKX,Two year,Bank transfer (automatic),Yes,20.35,No
5647-FXOTP,Month-to-month,Electronic check,Yes,105.9,Fiber optic
5569-OUICF,Month-to-month,Credit card (automatic),Yes,101.3,Fiber optic
8821-XNHVZ,Month-to-month,Mailed check,Yes,80.05,Fiber optic
2082-OJVTK,Month-to-month,Electronic check,Yes,89.2,Fiber optic
9700-ISPUP,Month-to-month,Electronic check,Yes,65.5,DSL
9839-ETQOE,Month-to-month,Electronic check,Yes,40.45,DSL
6078-VESFR,Month-to-month,Bank transfer (automatic),No,70.45,Fiber optic
9027-TMATR,Two year,Electronic check,Yes,78.8,DSL
5940-NFXKV,Month-to-month,Electronic check,Yes,83.65,Fiber optic
1941-HOSAM,Month-to-month,Electronic check,Yes,90.1,Fiber optic
9110-HSGTV,Two year,Credit card (automatic),Yes,82.45,DSL
0704-VCUMB,Two year,Credit card (automatic),No,20.25,No
6171-ZTVYB,Month-to-month,Bank transfer (automatic),No,66.25,DSL
8053-WWDRO,Month-to-month,Bank transfer (automatic),No,19.5,No
9564-KCLHR,Month-to-month,Mailed check,No,51.25,DSL
1935-IMVBB,Month-to-month,Mailed check,No,89.7,Fiber optic
2535-PBCGC,Two year,Bank transfer (automatic),No,64.55,DSL
2082-CEFLT,Month-to-month,Electronic check,Yes,45.6,DSL
1470-PSXNM,One year,Electronic check,Yes,93.65,Fiber optic
1213-NGCUN,Month-to-month,Bank transfer (automatic),Yes,49.65,DSL
2498-XLDZR,Two year,Mailed check,No,73.6,DSL
9866-OCCKE,Two year,Mailed check,Yes,109.75,Fiber optic
5338-YHWYT,Two year,Credit card (automatic),No,61.45,DSL
7718-UPSKJ,One year,Credit card (automatic),Yes,106.4,Fiber optic
8731-WBBMB,Month-to-month,Bank transfer (automatic),No,81.9,DSL
1448-CYWKC,One year,Credit card (automatic),Yes,105.2,Fiber optic
7901-IIDQV,One year,Bank transfer (automatic),No,54.6,DSL
2690-DVRVK,One year,Electronic check,No,20.55,No
5688-KZTSN,Month-to-month,Electronic check,Yes,20.0,No
1270-XKUCC,Two year,Mailed check,No,19.7,No
0334-ZFJSR,One year,Credit card (automatic),Yes,66.05,DSL
2894-QOJRX,Month-to-month,Bank transfer (automatic),Yes,34.0,DSL
5747-PMBSQ,Month-to-month,Mailed check,Yes,92.5,Fiber optic
5583-EJXRD,Two year,Credit card (automatic),Yes,54.05,DSL
4565-EVZMJ,One year,Mailed check,Yes,58.9,DSL
3143-JQEGI,Month-to-month,Electronic check,No,88.35,Fiber optic
6386-SZZKH,Two year,Bank transfer (automatic),Yes,107.95,Fiber optic
3327-YBAKM,One year,Mailed check,Yes,96.9,Fiber optic
9441-QHEVC,Month-to-month,Mailed check,No,19.1,No
6705-LNMDD,Month-to-month,Mailed check,No,50.0,DSL
2580-ASVVY,Two year,Electronic check,No,45.4,DSL
3370-GQEAL,Month-to-month,Electronic check,No,85.45,Fiber optic
5032-USPKF,One year,Bank transfer (automatic),No,84.1,DSL
2982-IHMFT,Month-to-month,Mailed check,Yes,74.45,Fiber optic
3521-SYVOR,Month-to-month,Electronic check,Yes,64.75,DSL
4254-QPEDE,Two year,Credit card (automatic),No,66.25,DSL
6283-GITPX,Two year,Credit card (automatic),Yes,76.9,DSL
9526-JAWYF,Month-to-month,Electronic check,No,89.8,Fiber optic
0771-CHWSK,Two year,Credit card (automatic),Yes,74.6,DSL
9788-HNGUT,Two year,Credit card (automatic),Yes,116.95,Fiber optic
9495-REDIY,One year,Credit card (automatic),Yes,40.65,DSL
5375-XLDOF,Two year,Bank transfer (automatic),Yes,114.35,Fiber optic
1172-VIYBP,Two year,Bank transfer (automatic),No,69.7,DSL
5649-VUKMC,One year,Mailed check,No,95.5,Fiber optic
6559-PDZLR,Month-to-month,Electronic check,Yes,98.65,Fiber optic
8992-OBVDG,Month-to-month,Mailed check,No,61.65,DSL
4273-MBHYA,Month-to-month,Electronic check,Yes,89.35,Fiber optic
4724-WXVWF,Month-to-month,Electronic check,Yes,95.4,Fiber optic
5701-GUXDC,One year,Credit card (automatic),No,35.4,DSL
1460-UZPRJ,Two year,Mailed check,No,19.95,No
6082-GLJIX,Month-to-month,Mailed check,No,19.25,No
5143-EGQFK,Month-to-month,Electronic check,Yes,29.65,DSL
4919-IKATY,Month-to-month,Electronic check,Yes,84.5,Fiber optic
2495-TTHBQ,One year,Mailed check,Yes,20.4,No
0485-ZBSLN,Two year,Credit card (automatic),No,24.75,No
3810-PJUHR,Two year,Mailed check,No,25.35,No
9050-QLROH,Month-to-month,Credit card (automatic),Yes,90.7,Fiber optic
0847-HGRML,Two year,Bank transfer (automatic),No,20.0,No
8232-CTLKO,Two year,Electronic check,Yes,59.75,DSL
9227-YBAXE,Two year,Bank transfer (automatic),Yes,82.5,DSL
6168-WFVVF,Month-to-month,Electronic check,Yes,70.3,Fiber optic
9860-LISIZ,Month-to-month,Mailed check,No,20.35,No
0112-QAWRZ,Month-to-month,Bank transfer (automatic),Yes,90.8,Fiber optic
0877-SDMBN,One year,Bank transfer (automatic),Yes,103.95,Fiber optic
2786-GCDPI,Month-to-month,Electronic check,Yes,104.95,Fiber optic
4043-MKDTV,Two year,Electronic check,Yes,105.25,Fiber optic
8065-YKXKD,Month-to-month,Electronic check,Yes,74.75,Fiber optic
9637-EIHEQ,Month-to-month,Electronic check,Yes,50.8,DSL
9229-RQABD,One year,Mailed check,No,23.75,No
8313-KTIHG,Month-to-month,Electronic check,Yes,61.3,DSL
5320-BRKGK,Two year,Mailed check,No,75.8,DSL
6284-KMNUF,One year,Electronic check,Yes,98.0,Fiber optic
9689-PTNPG,Month-to-month,Electronic check,Yes,80.25,Fiber optic
9465-RWMXL,Month-to-month,Electronic check,Yes,78.9,Fiber optic
6229-UOLQL,One year,Mailed check,Yes,52.0,DSL
2362-IBOOY,Month-to-month,Electronic check,Yes,84.75,Fiber optic
3137-LUPIX,Month-to-month,Mailed check,Yes,64.4,DSL
0843-WTBXE,Month-to-month,Bank transfer (automatic),No,85.45,Fiber optic
6143-JQKEA,Month-to-month,Credit card (automatic),Yes,45.8,DSL
8676-OOQEJ,Month-to-month,Electronic check,No,30.5,DSL
5515-IDEJJ,Month-to-month,Mailed check,No,19.9,No
9701-CDXHR,Month-to-month,Mailed check,No,69.15,Fiber optic
7450-NWRTR,Month-to-month,Electronic check,Yes,99.45,Fiber optic
8124-NZVGJ,One year,Mailed check,Yes,49.25,DSL
2162-FRZAA,Two year,Bank transfer (automatic),No,39.35,DSL
5376-DEQCP,Month-to-month,Electronic check,Yes,70.6,Fiber optic
5118-MUEYH,Month-to-month,Credit card (automatic),Yes,105.1,Fiber optic
9095-HFAFX,Month-to-month,Credit card (automatic),Yes,81.0,Fiber optic
5627-TVBPP,One year,Credit card (automatic),Yes,20.1,No
2379-ENZGV,Month-to-month,Electronic check,Yes,84.85,Fiber optic
3936-QQFLL,Month-to-month,Mailed check,No,19.75,No
2589-AYCRP,One year,Bank transfer (automatic),No,19.75,No
4067-HLYQI,Month-to-month,Bank transfer (automatic),Yes,70.4,Fiber optic
5124-EOGYE,Two year,Mailed check,No,20.45,No
5057-RKGLH,Two year,Mailed check,No,20.35,No
0292-WEGCH,Month-to-month,Electronic check,Yes,86.2,DSL
8910-ICHIU,One year,Credit card (automatic),Yes,95.65,Fiber optic
4097-YODCF,One year,Electronic check,Yes,103.8,Fiber optic
9715-WZCLW,Two year,Electronic check,Yes,97.2,Fiber optic
9786-YWNHU,Two year,Mailed check,No,63.55,DSL
6407-GSJNL,Two year,Bank transfer (automatic),No,24.95,No
6005-OBZPH,Month-to-month,Electronic check,Yes,89.15,Fiber optic
4049-ZPALD,Two year,Bank transfer (automatic),Yes,99.0,Fiber optic
7932-WPTDS,Month-to-month,Electronic check,Yes,24.8,DSL
3733-UOCWF,One year,Bank transfer (automatic),Yes,85.55,Fiber optic
6833-JMZYP,Month-to-month,Credit card (automatic),Yes,94.0,Fiber optic
2722-VOJQL,One year,Credit card (automatic),Yes,105.65,Fiber optic
1310-QRITU,Month-to-month,Electronic check,Yes,50.3,DSL
8961-QDZZJ,One year,Electronic check,Yes,95.0,Fiber optic
9715-SBVSU,Two year,Bank transfer (automatic),Yes,61.4,DSL
8490-BXHEO,Month-to-month,Credit card (automatic),Yes,80.55,Fiber optic
7173-TETGO,Two year,Bank transfer (automatic),No,78.5,Fiber optic
7929-SKFGK,Two year,Credit card (automatic),No,114.3,Fiber optic
2300-RQGOI,Two year,Mailed check,No,20.05,No
3563-SVYLG,Two year,Credit card (automatic),No,62.65,DSL
5228-EXCET,Month-to-month,Electronic check,Yes,80.85,Fiber optic
6435-VWCCY,Two year,Credit card (automatic),Yes,92.7,Fiber optic
4998-IKFSE,Month-to-month,Electronic check,No,100.45,Fiber optic
8630-QSGXK,Two year,Bank transfer (automatic),Yes,75.2,DSL
2455-USLMV,Month-to-month,Credit card (automatic),Yes,84.75,Fiber optic
7394-FKDNK,Month-to-month,Electronic check,No,89.45,Fiber optic
9488-FVZCC,Two year,Bank transfer (automatic),Yes,79.5,DSL
6331-LWDTQ,Month-to-month,Credit card (automatic),Yes,72.15,DSL
5995-WWKKG,One year,Electronic check,Yes,19.8,No
1597-FZREH,Month-to-month,Electronic check,No,76.4,DSL
7879-CGSFV,One year,Mailed check,Yes,100.9,Fiber optic
9921-EZKBY,Month-to-month,Bank transfer (automatic),Yes,95.3,Fiber optic
7432-FFVAR,One year,Bank transfer (automatic),No,90.95,Fiber optic
7246-ZGQDF,Month-to-month,Electronic check,No,54.5,DSL
7000-WCEVQ,Month-to-month,Mailed check,Yes,61.6,DSL
0727-IWKVK,Month-to-month,Electronic check,Yes,79.9,Fiber optic
5959-BELXA,Month-to-month,Credit card (automatic),Yes,96.15,Fiber optic
4456-RHSNB,Month-to-month,Bank transfer (automatic),Yes,49.6,DSL
3512-IZIKN,Two year,Credit card (automatic),No,65.3,DSL
2481-SBOYW,Two year,Credit card (automatic),Yes,25.0,No
7109-MFBYV,Month-to-month,Electronic check,No,45.45,DSL
1833-TCXKK,Month-to-month,Bank transfer (automatic),Yes,107.75,Fiber optic
1832-PEUTS,Two year,Credit card (automatic),Yes,89.1,Fiber optic
6141-OOXUQ,Month-to-month,Mailed check,No,19.65,No
8660-BUETV,Month-to-month,Mailed check,No,44.75,DSL
0580-PIQHM,One year,Bank transfer (automatic),Yes,101.6,Fiber optic
5696-CEIQJ,Two year,Bank transfer (automatic),No,103.15,Fiber optic
7503-ZGUZJ,Month-to-month,Mailed check,Yes,84.65,Fiber optic
1696-HXOWK,One year,Mailed check,No,95.65,Fiber optic
3026-ATZYV,One year,Bank transfer (automatic),No,75.1,DSL
4012-YCFAI,Two year,Mailed check,Yes,61.35,DSL
2506-TNFCO,Month-to-month,Electronic check,Yes,69.55,Fiber optic
9970-QBCDA,Month-to-month,Credit card (automatic),No,19.7,No
8718-PTMEZ,Month-to-month,Electronic check,Yes,31.05,DSL
9496-IVVRP,Month-to-month,Bank transfer (automatic),No,51.0,DSL
2207-OBZNX,Month-to-month,Mailed check,Yes,51.0,DSL
2657-VPXTA,Month-to-month,Electronic check,Yes,88.85,Fiber optic
6551-VLJMV,Two year,Credit card (automatic),No,20.05,No
1221-GHZEP,Two year,Mailed check,Yes,65.1,DSL
9289-LBQVU,One year,Mailed check,Yes,70.15,DSL
6142-VSJQO,Month-to-month,Bank transfer (automatic),Yes,44.35,DSL
3458-IDMFK,Two year,Mailed check,Yes,20.75,No
6933-FHBZC,One year,Mailed check,Yes,56.05,DSL
0221-NAUXK,One year,Bank transfer (automatic),Yes,19.95,No
9770-KXGQU,One year,Mailed check,No,98.6,Fiber optic
6437-UKHMV,Month-to-month,Electronic check,Yes,79.7,Fiber optic
6538-POCHL,Month-to-month,Credit card (automatic),Yes,79.0,Fiber optic
6726-NNFWD,Two year,Credit card (automatic),No,89.45,Fiber optic
3002-WQZWT,Month-to-month,Electronic check,Yes,74.2,Fiber optic
4277-UDIEF,Month-to-month,Bank transfer (automatic),No,81.0,DSL
1208-NBVFH,Month-to-month,Electronic check,Yes,49.6,DSL
4912-PIGUY,Month-to-month,Electronic check,Yes,84.6,Fiber optic
1114-CENIM,Month-to-month,Credit card (automatic),Yes,55.0,DSL
6060-DRTNL,Month-to-month,Mailed check,Yes,84.85,Fiber optic
2725-TTRIQ,Two year,Bank transfer (automatic),Yes,84.2,DSL
3374-TTZTK,Two year,Electronic check,Yes,106.3,Fiber optic
8990-ZXLSU,Month-to-month,Electronic check,No,69.05,Fiber optic
2275-RBYQS,Month-to-month,Mailed check,Yes,45.4,DSL
8473-VUVJN,Month-to-month,Electronic check,Yes,73.65,Fiber optic
6289-CPNLD,One year,Mailed check,Yes,73.9,DSL
5536-SLHPM,Month-to-month,Electronic check,Yes,77.75,Fiber optic
4419-UJMUS,Two year,Electronic check,Yes,99.35,Fiber optic
7794-JASDG,Month-to-month,Mailed check,Yes,50.75,DSL
7609-YBPXG,Two year,Bank transfer (automatic),No,87.1,DSL
5519-TEEUH,One year,Mailed check,Yes,20.15,No
7856-GANIL,One year,Bank transfer (automatic),Yes,98.7,Fiber optic
0804-XBFBV,Month-to-month,Electronic check,No,25.2,DSL
2676-OXPPQ,Month-to-month,Bank transfer (automatic),Yes,55.7,DSL
3703-TTEPD,Month-to-month,Bank transfer (automatic),No,65.35,DSL
2799-TSLAG,Two year,Bank transfer (automatic),Yes,25.3,No
0196-VULGZ,Month-to-month,Electronic check,Yes,84.35,Fiber optic
8837-VVWLQ,Month-to-month,Electronic check,No,84.95,Fiber optic
2696-NARTR,Month-to-month,Electronic check,Yes,73.85,Fiber optic
2208-NKVVH,Two year,Mailed check,No,24.25,No
7614-QVWQL,One year,Bank transfer (automatic),Yes,51.8,DSL
1976-CFOCS,Month-to-month,Electronic check,No,46.0,DSL
4631-OACRM,Month-to-month,Electronic check,Yes,79.4,Fiber optic
7139-JZFVG,Two year,Bank transfer (automatic),No,60.5,DSL
4987-GQWPO,Month-to-month,Credit card (automatic),No,25.1,DSL
3755-JBMNH,Month-to-month,Bank transfer (automatic),Yes,71.8,Fiber optic
1757-TCATG,One year,Bank transfer (automatic),No,20.05,No
6345-ULYRW,One year,Mailed check,No,88.4,Fiber optic
4776-XSKYQ,One year,Credit card (automatic),No,30.25,DSL
8048-DSDFQ,Month-to-month,Mailed check,No,20.2,No
5753-QQWPW,One year,Electronic check,Yes,59.9,DSL
6010-DDPPW,Two year,Bank transfer (automatic),No,25.15,No
1809-DMJHQ,Month-to-month,Mailed check,No,46.0,DSL
6693-FRIRW,Month-to-month,Credit card (automatic),No,101.3,Fiber optic
6586-MYGKD,Two year,Credit card (automatic),Yes,76.95,DSL
3173-NVMPX,Month-to-month,Mailed check,Yes,55.3,DSL
0248-PGHBZ,Two year,Bank transfer (automatic),Yes,92.45,Fiber optic
0623-GDISB,Month-to-month,Bank transfer (automatic),Yes,48.45,DSL
2892-GESUL,Two year,Mailed check,No,19.35,No
6923-EFPNL,Month-to-month,Credit card (automatic),No,51.75,DSL
7472-EQOAV,One year,Bank transfer (automatic),Yes,86.7,Fiber optic
9574-RKJIF,Month-to-month,Electronic check,Yes,94.4,Fiber optic
2043-WVTQJ,Month-to-month,Mailed check,No,55.7,DSL
8034-RYTVV,One year,Credit card (automatic),Yes,84.25,Fiber optic
3863-QSTYI,Month-to-month,Electronic check,Yes,64.65,DSL
2619-WFQWU,Month-to-month,Mailed check,Yes,70.15,Fiber optic
5044-LRQAQ,Month-to-month,Bank transfer (automatic),Yes,69.2,Fiber optic
1716-LSAMB,Two year,Bank transfer (automatic),No,54.65,DSL
1333-PBMXB,One year,Bank transfer (automatic),Yes,24.75,No
6546-OPBBH,One year,Mailed check,Yes,23.95,No
5985-BEHZK,One year,Credit card (automatic),No,105.0,Fiber optic
9127-QRZMH,One year,Bank transfer (automatic),Yes,59.85,DSL
5919-VCZYM,Month-to-month,Mailed check,No,20.05,No
9644-KVCNC,One year,Bank transfer (automatic),Yes,92.15,Fiber optic
2137-DQMEV,One year,Mailed check,No,44.8,DSL
8174-LNWMW,Two year,Credit card (automatic),No,20.9,No
9279-CJEOJ,Month-to-month,Bank transfer (automatic),Yes,95.4,Fiber optic
7964-VEXDG,Month-to-month,Electronic check,No,80.35,Fiber optic
2404-JIBFC,Two year,Bank transfer (automatic),Yes,85.1,DSL
0778-NELLA,Month-to-month,Credit card (automatic),Yes,34.7,DSL
8029-XYPWT,Two year,Bank transfer (automatic),Yes,115.05,Fiber optic
4614-NUVZD,Month-to-month,Electronic check,Yes,81.1,Fiber optic
4632-PAOYU,One year,Mailed check,No,19.95,No
3803-KMQFW,Month-to-month,Mailed check,No,20.55,No
6804-GDMOI,Two year,Electronic check,Yes,106.6,Fiber optic
2990-OGYTD,Two year,Bank transfer (automatic),No,86.15,DSL
6646-JPPHA,Month-to-month,Electronic check,No,78.85,Fiber optic
9572-MTILT,Month-to-month,Electronic check,Yes,106.75,Fiber optic
7658-UYUQS,Month-to-month,Bank transfer (automatic),No,86.55,Fiber optic
7880-XSOJX,Month-to-month,Mailed check,No,42.4,DSL
9611-CTWIH,Month-to-month,Electronic check,Yes,89.45,Fiber optic
4589-IUAJB,Two year,Bank transfer (automatic),No,24.25,No
0329-GTIAJ,Month-to-month,Electronic check,Yes,97.9,Fiber optic
8746-BFOAJ,One year,Bank transfer (automatic),No,20.5,No
8457-XIGKN,Month-to-month,Credit card (automatic),Yes,19.6,No
6072-NUQCB,One year,Bank transfer (automatic),No,20.25,No
6629-CZTTH,Month-to-month,Mailed check,Yes,55.7,DSL
8838-GPHZP,Two year,Mailed check,Yes,20.6,No
8750-QWZAJ,Two year,Bank transfer (automatic),No,19.8,No
5364-EVNIB,Month-to-month,Electronic check,Yes,79.8,Fiber optic
6918-UMQCG,Month-to-month,Electronic check,No,80.2,Fiber optic
0675-NCDYU,Two year,Credit card (automatic),Yes,116.4,Fiber optic
6339-DKLMK,Month-to-month,Electronic check,Yes,31.65,DSL
1346-PJWTK,Month-to-month,Credit card (automatic),No,94.15,Fiber optic
5088-QZLRL,Month-to-month,Electronic check,No,20.65,No
8023-QHAIO,Month-to-month,Bank transfer (automatic),Yes,76.85,Fiber optic
4397-FRLTA,Month-to-month,Mailed check,No,20.15,No
3057-VJJQE,Two year,Mailed check,No,55.25,DSL
5087-SUURX,Month-to-month,Electronic check,Yes,39.05,DSL
2302-OUZXB,Two year,Bank transfer (automatic),No,82.15,DSL
8133-ANHHJ,One year,Bank transfer (automatic),No,103.0,Fiber optic
2270-CHBFN,Month-to-month,Credit card (automatic),Yes,95.1,Fiber optic
0013-EXCHZ,Month-to-month,Mailed check,Yes,83.9,Fiber optic
5982-FPVQN,Month-to-month,Electronic check,Yes,95.15,Fiber optic
9107-UKCKY,One year,Electronic check,Yes,79.8,DSL
4654-ULTTN,Two year,Credit card (automatic),Yes,74.8,DSL
5550-VFRLC,Month-to-month,Electronic check,Yes,69.85,Fiber optic
5546-BYZSM,Month-to-month,Electronic check,No,20.45,No
1492-KGETH,One year,Bank transfer (automatic),No,78.35,DSL
4929-BSTRX,Month-to-month,Mailed check,Yes,53.55,DSL
4163-HFTUK,One year,Electronic check,No,19.1,No
8215-NGSPE,Two year,Mailed check,No,20.0,No
2225-ZRGSG,Two year,Bank transfer (automatic),No,93.9,Fiber optic
8859-YSTWS,One year,Bank transfer (automatic),No,19.95,No
5271-YNWVR,Two year,Electronic check,Yes,113.15,Fiber optic
7601-DHFWZ,Two year,Credit card (automatic),No,24.0,No
2657-ALMWY,Month-to-month,Electronic check,No,84.95,Fiber optic
6330-JKLPC,Month-to-month,Bank transfer (automatic),Yes,80.5,Fiber optic
4667-OHGKG,Month-to-month,Mailed check,Yes,19.3,No
1998-VHJHK,One year,Mailed check,No,19.15,No
1707-HABPF,One year,Bank transfer (automatic),Yes,91.3,Fiber optic
1660-HSOOQ,Month-to-month,Mailed check,Yes,49.65,DSL
7253-UVNDW,Two year,Credit card (automatic),No,54.35,DSL
0487-VVUVK,Month-to-month,Mailed check,Yes,19.15,No
7228-OMTPN,Month-to-month,Electronic check,Yes,88.45,Fiber optic
5063-IUOKK,Two year,Mailed check,No,19.75,No
4508-OEBEY,One year,Credit card (automatic),Yes,75.5,DSL
0027-KWYKW,Month-to-month,Electronic check,Yes,83.75,Fiber optic
2308-STERM,Month-to-month,Mailed check,No,19.4,No
5982-XMDEX,Two year,Bank transfer (automatic),No,26.5,No
6284-AHOOQ,Month-to-month,Bank transfer (automatic),Yes,90.5,Fiber optic
6051-PTVNS,One year,Credit card (automatic),No,19.15,No
2344-JMOGN,Month-to-month,Mailed check,Yes,94.85,Fiber optic
3799-ISUZQ,Month-to-month,Bank transfer (automatic),Yes,69.95,Fiber optic
2877-VDUER,One year,Mailed check,No,40.9,DSL
9152-AMKAK,Two year,Mailed check,Yes,80.25,DSL
1794-HBQTJ,Month-to-month,Credit card (automatic),Yes,48.6,DSL
9432-VOFYX,Month-to-month,Electronic check,Yes,70.8,Fiber optic
8049-WJCLQ,Month-to-month,Mailed check,No,60.2,DSL
6586-PSJOX,One year,Credit card (automatic),No,55.2,DSL
2460-FPSYH,Month-to-month,Electronic check,Yes,55.8,DSL
9705-ZJBCG,One year,Bank transfer (automatic),No,54.15,DSL
4818-DRBQT,Month-to-month,Bank transfer (automatic),Yes,80.15,Fiber optic
1320-HTRDR,Month-to-month,Electronic check,Yes,75.5,Fiber optic
6847-KJLTS,Month-to-month,Bank transfer (automatic),Yes,100.4,Fiber optic
9670-BPNXF,One year,Credit card (automatic),Yes,62.55,DSL
3913-FCUUW,Two year,Bank transfer (automatic),Yes,70.45,DSL
3301-VKTGC,One year,Bank transfer (automatic),Yes,85.5,Fiber optic
1493-AMTIE,Month-to-month,Bank transfer (automatic),Yes,20.2,No
9555-SAHUZ,Month-to-month,Electronic check,No,54.5,DSL
0816-TSPHQ,Month-to-month,Mailed check,No,20.75,No
9932-WBWIK,Month-to-month,Mailed check,No,20.35,No
4619-EVPHY,One year,Bank transfer (automatic),Yes,91.0,Fiber optic
5286-YHCVC,Two year,Bank transfer (automatic),Yes,104.8,Fiber optic
6424-ELEYH,Month-to-month,Credit card (automatic),Yes,74.75,Fiber optic
4391-RESHN,Month-to-month,Mailed check,Yes,104.05,Fiber optic
9115-YQHGA,Month-to-month,Electronic check,Yes,51.1,DSL
4462-CYWMH,Month-to-month,Bank transfer (automatic),Yes,89.8,Fiber optic
8963-MQVYN,Month-to-month,Electronic check,Yes,20.55,No
2458-EOMRE,Month-to-month,Bank transfer (automatic),No,64.05,DSL
9334-GWGOW,Month-to-month,Electronic check,Yes,74.85,Fiber optic
6821-BUXUX,Month-to-month,Electronic check,Yes,96.65,Fiber optic
5028-HTLJB,Month-to-month,Mailed check,No,20.05,No
9801-GDWGV,Month-to-month,Electronic check,Yes,103.45,Fiber optic
6542-LWGXJ,Month-to-month,Mailed check,No,25.0,DSL
5567-GZKQY,Two year,Credit card (automatic),No,20.3,No
1222-LRYKO,Month-to-month,Mailed check,No,26.35,No
2320-JRSDE,Month-to-month,Electronic check,Yes,19.9,No
2087-QAREY,Month-to-month,Mailed check,Yes,54.7,DSL
0601-WZHJF,Month-to-month,Electronic check,No,46.35,DSL
4423-JWZJN,One year,Credit card (automatic),No,90.25,Fiber optic
5143-WMWOG,Month-to-month,Electronic check,No,19.95,No
6490-FGZAT,Month-to-month,Mailed check,No,20.65,No
5393-RXQSZ,Month-to-month,Electronic check,No,79.6,Fiber optic
7452-FOLON,One year,Bank transfer (automatic),No,25.45,No
2320-TZRRH,One year,Mailed check,No,19.5,No
0231-LXVAP,Month-to-month,Electronic check,Yes,75.9,Fiber optic
9444-JTXHZ,Month-to-month,Electronic check,No,76.2,Fiber optic
4942-VZZOM,One year,Credit card (automatic),Yes,66.15,DSL
5510-BOIUJ,Month-to-month,Mailed check,No,19.25,No
7502-BNYGS,Month-to-month,Credit card (automatic),Yes,69.1,DSL
4291-HYEBC,One year,Electronic check,Yes,39.1,DSL
6147-CBCRA,Month-to-month,Mailed check,No,20.05,No
6047-SUHPR,One year,Electronic check,No,59.8,DSL
4471-KXAUH,Month-to-month,Electronic check,Yes,84.3,Fiber optic
9752-ZNQUT,Month-to-month,Electronic check,Yes,48.6,DSL
7638-QVMVY,Month-to-month,Electronic check,Yes,79.0,Fiber optic
1576-PFZIW,Two year,Credit card (automatic),No,105.35,Fiber optic
5666-MBJPT,Two year,Bank transfer (automatic),Yes,25.1,No
7312-XSBAT,Month-to-month,Electronic check,No,49.75,DSL
3096-GKWEB,Month-to-month,Electronic check,Yes,94.75,Fiber optic
2371-JQHZZ,Month-to-month,Electronic check,Yes,93.0,Fiber optic
0674-GCDXG,Two year,Bank transfer (automatic),Yes,71.9,DSL
1121-QSIVB,One year,Mailed check,Yes,77.55,DSL
4396-KLSEH,Month-to-month,Electronic check,Yes,19.85,No
3244-DCJWY,Month-to-month,Electronic check,Yes,70.25,Fiber optic
2824-MYYBN,Month-to-month,Electronic check,Yes,95.25,Fiber optic
0875-CABNR,Month-to-month,Credit card (automatic),Yes,84.6,Fiber optic
6345-HOVES,Month-to-month,Bank transfer (automatic),Yes,25.05,DSL
8318-LCNBW,One year,Credit card (automatic),No,53.15,DSL
6469-QJKZW,Month-to-month,Electronic check,No,20.15,No
0147-ESWWR,Month-to-month,Electronic check,Yes,101.25,Fiber optic
1217-VASWC,One year,Bank transfer (automatic),Yes,100.55,Fiber optic
7812-FZHPE,Month-to-month,Mailed check,No,24.1,No
6370-ZVHDV,Two year,Bank transfer (automatic),No,25.3,No
5915-DGNVC,One year,Electronic check,No,71.8,DSL
6260-XLACS,One year,Mailed check,No,19.7,No
3566-CAAYU,Two year,Electronic check,No,49.85,DSL
4983-CCWMC,Month-to-month,Mailed check,Yes,69.6,Fiber optic
9103-CXVOK,Month-to-month,Electronic check,No,19.75,No
2896-TBNBE,One year,Electronic check,No,80.8,Fiber optic
4797-AXPXK,Month-to-month,Electronic check,Yes,60.0,DSL
5229-PRWKT,Month-to-month,Electronic check,Yes,86.55,Fiber optic
6982-UQZLY,Month-to-month,Mailed check,Yes,20.85,No
2522-WLNSF,One year,Bank transfer (automatic),No,64.2,DSL
3841-CONLJ,Month-to-month,Electronic check,No,35.0,DSL
5057-LCOUI,Month-to-month,Electronic check,Yes,50.75,DSL
0193-ESZXP,One year,Credit card (automatic),Yes,105.5,Fiber optic
4475-NVTLU,Two year,Electronic check,No,19.2,No
4369-HTUIF,Month-to-month,Bank transfer (automatic),Yes,85.15,Fiber optic
9386-LDCZR,One year,Credit card (automatic),Yes,90.65,Fiber optic
9585-KKMFD,Two year,Mailed check,Yes,20.0,No
5399-ZIMKF,Month-to-month,Electronic check,Yes,74.65,Fiber optic
0336-KXKFK,Two year,Credit card (automatic),Yes,61.2,DSL
5619-XZZKR,One year,Mailed check,No,19.95,No
3948-FVVRP,Month-to-month,Mailed check,No,54.8,DSL
5327-XOKKY,Two year,Credit card (automatic),Yes,73.45,DSL
0983-TATYJ,One year,Mailed check,Yes,51.45,DSL
1813-JYWTO,Two year,Bank transfer (automatic),No,80.45,Fiber optic
0156-FVPTA,Month-to-month,Electronic check,Yes,54.2,DSL
1984-FCOWB,One year,Electronic check,Yes,109.5,Fiber optic
0654-HMSHN,Month-to-month,Electronic check,No,104.4,Fiber optic
6719-OXYBR,Month-to-month,Electronic check,No,85.3,Fiber optic
3312-ZWLGF,Month-to-month,Electronic check,Yes,79.3,Fiber optic
6476-YHMGA,Month-to-month,Bank transfer (automatic),No,76.5,DSL
5287-QWLKY,Month-to-month,Credit card (automatic),Yes,105.1,Fiber optic
0795-XCCTE,Two year,Bank transfer (automatic),No,25.4,No
0168-XZKBB,Month-to-month,Electronic check,Yes,86.85,Fiber optic
3785-NRHYR,Month-to-month,Mailed check,No,19.65,No
5196-SGOAK,Month-to-month,Electronic check,Yes,75.7,Fiber optic
4537-DKTAL,Month-to-month,Electronic check,No,45.55,DSL
7072-MBHEV,Month-to-month,Credit card (automatic),Yes,78.1,Fiber optic
5602-BVFMK,One year,Mailed check,No,19.3,No
6297-NOOPG,Two year,Electronic check,Yes,110.5,Fiber optic
1891-UAWWU,Month-to-month,Electronic check,No,90.8,Fiber optic
8204-TIFGJ,Month-to-month,Bank transfer (automatic),Yes,20.3,No
8050-DVOJX,Two year,Credit card (automatic),No,81.35,DSL
6108-OQZDQ,Month-to-month,Electronic check,Yes,97.95,Fiber optic
0363-QJVFX,Month-to-month,Credit card (automatic),Yes,108.15,Fiber optic
8903-XEBGX,Month-to-month,Electronic check,Yes,55.3,DSL
8169-SAEJD,Two year,Credit card (automatic),No,56.55,DSL
9840-DVNDC,Month-to-month,Credit card (automatic),Yes,80.5,Fiber optic
1089-XZWHH,Two year,Mailed check,Yes,19.7,No
2325-WINES,One year,Credit card (automatic),Yes,104.05,Fiber optic
6064-ZATLR,Two year,Bank transfer (automatic),No,52.85,DSL
3096-JRDSO,Month-to-month,Bank transfer (automatic),Yes,104.3,Fiber optic
7824-PANSQ,Month-to-month,Bank transfer (automatic),No,80.65,Fiber optic
8042-JVNFH,Month-to-month,Mailed check,Yes,71.35,Fiber optic
9648-BCHKM,Two year,Credit card (automatic),Yes,24.65,No
2888-ADFAO,Two year,Bank transfer (automatic),Yes,21.3,No
8707-HOEDG,Two year,Electronic check,Yes,110.2,Fiber optic
3374-LXDEV,Month-to-month,Electronic check,No,89.4,Fiber optic
4072-IPYLT,Month-to-month,Credit card (automatic),No,51.05,DSL
7167-PCEYD,Two year,Mailed check,Yes,19.8,No
4936-YPJNK,Month-to-month,Mailed check,Yes,19.9,No
1580-BMCMR,Month-to-month,Electronic check,Yes,87.3,Fiber optic
4817-KEQSP,Two year,Bank transfer (automatic),No,19.85,No
6408-WHTEF,Two year,Mailed check,Yes,89.4,DSL
9251-AWQGT,Two year,Mailed check,No,20.0,No
8749-CLJXC,Month-to-month,Mailed check,No,20.05,No
7989-VCQOH,Month-to-month,Electronic check,No,83.25,DSL
5049-GLYVG,Month-to-month,Mailed check,No,20.6,No
4199-QHJNM,Two year,Bank transfer (automatic),No,102.9,Fiber optic
8882-TLVRW,Two year,Mailed check,No,39.1,DSL
5883-GTGVD,Month-to-month,Electronic check,Yes,99.95,Fiber optic
5135-GRQJV,Two year,Mailed check,Yes,114.5,Fiber optic
2384-OVPSA,Two year,Mailed check,No,20.2,No
1371-WEPDS,One year,Electronic check,No,55.8,DSL
3580-GICBM,Two year,Mailed check,Yes,24.2,No
4817-QRJSX,Month-to-month,Credit card (automatic),Yes,81.0,Fiber optic
9730-DRTMJ,One year,Credit card (automatic),Yes,72.8,DSL
4686-UXDML,Month-to-month,Credit card (automatic),Yes,99.85,Fiber optic
3349-ANQNH,One year,Electronic check,Yes,99.5,Fiber optic
2398-YPMUR,Month-to-month,Electronic check,Yes,70.15,Fiber optic
0932-YIXYU,Two year,Credit card (automatic),No,20.25,No
7480-SPLEF,Two year,Bank transfer (automatic),Yes,26.0,No
7636-XUHWW,Month-to-month,Credit card (automatic),Yes,19.9,No
1431-CYWMH,Month-to-month,Bank transfer (automatic),No,19.05,No
5937-EORGB,Month-to-month,Electronic check,Yes,96.5,Fiber optic
6349-JDHQP,Two year,Credit card (automatic),No,19.85,No
5539-HIVAK,Month-to-month,Mailed check,No,25.7,No
5847-MXBEO,One year,Mailed check,No,20.3,No
9985-MWVIX,Month-to-month,Mailed check,Yes,70.15,Fiber optic
4583-PARNH,Month-to-month,Electronic check,Yes,91.55,Fiber optic
1116-FRYVH,Two year,Mailed check,No,39.4,DSL
1421-HCERK,Month-to-month,Bank transfer (automatic),Yes,105.7,Fiber optic
9633-XQABV,Month-to-month,Electronic check,Yes,70.25,Fiber optic
0716-BQNDX,Two year,Electronic check,No,93.75,Fiber optic
1265-XTECC,One year,Credit card (automatic),Yes,96.55,Fiber optic
1183-CANVH,One year,Bank transfer (automatic),No,60.0,DSL
1972-XMUWV,Two year,Credit card (automatic),Yes,59.8,DSL
8679-LZBMD,One year,Bank transfer (automatic),Yes,90.65,Fiber optic
3407-JMJQQ,Two year,Bank transfer (automatic),Yes,109.0,Fiber optic
6252-DFGTK,One year,Credit card (automatic),No,68.1,DSL
1539-LNKHM,Month-to-month,Mailed check,No,20.4,No
8645-KOMJQ,Two year,Bank transfer (automatic),Yes,81.95,DSL
0289-IVARM,Month-to-month,Electronic check,No,60.55,DSL
9761-XUJWD,Month-to-month,Bank transfer (automatic),Yes,65.6,DSL
4057-FKCZK,Two year,Bank transfer (automatic),No,82.5,Fiber optic
4291-TPNFG,Two year,Bank transfer (automatic),Yes,82.3,DSL
6087-YPWHO,Two year,Mailed check,No,68.15,DSL
3090-QFUVD,Month-to-month,Credit card (automatic),No,20.3,No
2237-ZFSMY,One year,Electronic check,Yes,95.55,Fiber optic
1722-LDZJS,One year,Credit card (automatic),No,20.2,No
1818-ESQMW,Month-to-month,Electronic check,Yes,89.2,Fiber optic
4871-JTKJF,Month-to-month,Electronic check,Yes,69.65,Fiber optic
1415-YFWLT,Month-to-month,Electronic check,Yes,89.3,Fiber optic
7401-RUBNK,Month-to-month,Electronic check,No,74.8,Fiber optic
0506-YLVKJ,Two year,Mailed check,Yes,20.2,No
8661-BOYNW,Two year,Credit card (automatic),Yes,84.4,DSL
6711-VTNRE,Month-to-month,Electronic check,Yes,87.55,Fiber optic
4815-GBTCD,Month-to-month,Electronic check,Yes,25.15,DSL
2805-AUFQN,Two year,Credit card (automatic),No,19.8,No
0980-PVMRC,Month-to-month,Electronic check,Yes,50.85,DSL
7233-DRTRF,Month-to-month,Electronic check,Yes,102.4,Fiber optic
3500-RMZLT,Month-to-month,Mailed check,Yes,96.3,Fiber optic
3873-NFTGI,Month-to-month,Credit card (automatic),Yes,55.5,DSL
1162-ECVII,Two year,Bank transfer (automatic),Yes,109.75,Fiber optic
7048-GXDAY,Month-to-month,Electronic check,Yes,106.4,Fiber optic
8571-ZCMCX,Two year,Credit card (automatic),Yes,60.0,DSL
1169-WCVAK,Month-to-month,Credit card (automatic),Yes,88.8,Fiber optic
4548-SDBKE,Month-to-month,Electronic check,Yes,85.2,Fiber optic
8066-POXGX,Month-to-month,Electronic check,Yes,35.1,DSL
7129-CAKJW,Month-to-month,Bank transfer (automatic),No,80.05,Fiber optic
8695-ARGXZ,Month-to-month,Electronic check,Yes,75.55,Fiber optic
3570-YUEKJ,Month-to-month,Electronic check,Yes,49.55,DSL
4143-OOBWZ,Month-to-month,Electronic check,Yes,81.3,Fiber optic
1555-HAPSU,Two year,Credit card (automatic),No,23.9,No
1697-NVVGY,Month-to-month,Bank transfer (automatic),No,66.4,DSL
7854-EKTJL,Month-to-month,Electronic check,Yes,19.6,No
8464-EETCQ,Two year,Credit card (automatic),No,18.8,No
2419-FSORS,Two year,Electronic check,Yes,108.4,Fiber optic
8132-YPVBX,Month-to-month,Mailed check,Yes,85.95,Fiber optic
9102-IAYHT,Month-to-month,Electronic check,Yes,85.45,Fiber optic
6754-LZUKA,Two year,Bank transfer (automatic),No,80.9,DSL
3422-LYEPQ,Month-to-month,Electronic check,Yes,71.0,Fiber optic
8099-MZPUJ,Two year,Credit card (automatic),No,111.8,Fiber optic
0787-LHDYT,Month-to-month,Credit card (automatic),Yes,20.6,No
2642-DTVCO,Month-to-month,Electronic check,Yes,85.05,Fiber optic
0374-IOEGQ,Month-to-month,Electronic check,No,44.6,DSL
4361-JEIVL,Month-to-month,Electronic check,Yes,44.4,DSL
3197-NNYNB,Two year,Credit card (automatic),No,105.1,Fiber optic
3396-DKDEL,Two year,Credit card (automatic),Yes,115.15,Fiber optic
1752-OZXFY,One year,Mailed check,Yes,59.8,DSL
9066-QRSDU,One year,Electronic check,Yes,26.3,No
9112-WSNPU,Month-to-month,Electronic check,No,70.55,Fiber optic
9867-NNXLC,Month-to-month,Mailed check,Yes,20.05,No
5321-NTRKC,Two year,Bank transfer (automatic),No,79.85,DSL
1363-TXLSL,Month-to-month,Electronic check,Yes,70.3,Fiber optic
9507-EXLTT,Month-to-month,Bank transfer (automatic),Yes,79.35,Fiber optic
3161-GETRM,Month-to-month,Credit card (automatic),Yes,90.05,Fiber optic
0402-OAMEN,Two year,Bank transfer (automatic),No,24.45,No
6933-VLYFX,One year,Electronic check,No,59.95,DSL
6754-WKSHP,One year,Bank transfer (automatic),No,25.35,No
9846-GKXAS,Month-to-month,Bank transfer (automatic),Yes,90.8,Fiber optic
6017-PPLPX,Month-to-month,Electronic check,Yes,70.45,Fiber optic
4976-LNFVV,Month-to-month,Credit card (automatic),Yes,34.3,DSL
5055-MGMGF,Month-to-month,Electronic check,Yes,105.05,Fiber optic
4641-FROLU,Two year,Mailed check,No,19.3,No
2862-JVEOY,One year,Mailed check,No,19.15,No
2969-QWUBZ,Month-to-month,Electronic check,No,51.4,DSL
9822-BIIGN,Month-to-month,Electronic check,No,71.85,DSL
2077-MPJQO,Month-to-month,Electronic check,Yes,75.4,Fiber optic
1534-OULXE,One year,Bank transfer (automatic),Yes,49.7,DSL
7136-RVDTZ,One year,Electronic check,Yes,45.25,DSL
2971-SGAFL,Month-to-month,Electronic check,Yes,78.75,DSL
1480-IVEVR,One year,Bank transfer (automatic),Yes,81.6,Fiber optic
2905-KFQUV,Month-to-month,Credit card (automatic),Yes,70.4,Fiber optic
4581-SSPWD,Month-to-month,Electronic check,Yes,75.8,Fiber optic
3370-HXOPH,Month-to-month,Electronic check,No,76.1,Fiber optic
9391-YZEJW,One year,Bank transfer (automatic),Yes,94.0,Fiber optic
9958-MEKUC,Two year,Credit card (automatic),No,103.95,Fiber optic
0281-CNTZX,Two year,Bank transfer (automatic),Yes,19.95,No
6927-WTFIV,Month-to-month,Credit card (automatic),No,71.3,Fiber optic
4118-CEVPF,One year,Bank transfer (automatic),Yes,110.8,Fiber optic
3398-ZOUAA,Month-to-month,Electronic check,Yes,69.1,Fiber optic
9114-VEPUF,One year,Electronic check,No,96.1,Fiber optic
7876-BEUTG,Month-to-month,Mailed check,Yes,48.8,DSL
2338-BQEZT,Month-to-month,Credit card (automatic),Yes,50.55,DSL
9873-MNDKV,Month-to-month,Mailed check,Yes,44.65,DSL
0378-NHQXU,Month-to-month,Electronic check,No,88.25,Fiber optic
8241-JUIQO,One year,Bank transfer (automatic),No,19.45,No
2194-IIQOF,Two year,Credit card (automatic),No,89.3,DSL
4512-ZUIYL,Month-to-month,Bank transfer (automatic),No,70.0,Fiber optic
9631-RXVJM,Two year,Mailed check,No,19.25,No
9584-EXCDZ,Month-to-month,Bank transfer (automatic),No,70.5,Fiber optic
7969-AULMZ,Month-to-month,Electronic check,Yes,97.35,Fiber optic
5093-FEGLU,Two year,Bank transfer (automatic),No,19.65,No
2621-UDNLU,Month-to-month,Mailed check,No,20.85,No
7526-IVLYU,Month-to-month,Mailed check,Yes,19.65,No
2428-HYUNX,Two year,Credit card (automatic),Yes,19.35,No
9214-EKVXR,Month-to-month,Mailed check,Yes,44.0,DSL
3410-MHHUM,One year,Electronic check,No,94.4,Fiber optic
0568-ONFPC,Month-to-month,Bank transfer (automatic),Yes,25.9,No
0733-VUNUW,Month-to-month,Bank transfer (automatic),Yes,55.65,DSL
4550-EVXNY,Month-to-month,Electronic check,Yes,69.65,Fiber optic
2122-YWVYA,Month-to-month,Electronic check,Yes,75.4,Fiber optic
2968-SSGAA,Month-to-month,Electronic check,Yes,100.6,Fiber optic
2296-DKZFP,Two year,Bank transfer (automatic),No,71.0,DSL
4844-JJWUY,Month-to-month,Electronic check,Yes,86.0,Fiber optic
6777-TGHTM,One year,Credit card (automatic),Yes,106.95,Fiber optic
8909-BOLNL,One year,Mailed check,No,21.2,No
6603-YRDCJ,Two year,Mailed check,Yes,61.05,DSL
3538-WZPHD,Month-to-month,Electronic check,Yes,29.6,DSL
3229-USWAR,One year,Bank transfer (automatic),Yes,79.95,DSL
2138-VFAPZ,Two year,Mailed check,Yes,19.7,No
6131-JLWZM,Month-to-month,Mailed check,Yes,20.3,No
4785-QRJHC,One year,Bank transfer (automatic),Yes,59.9,DSL
0269-XFESX,One year,Mailed check,No,24.35,No
1709-EJDOX,Two year,Mailed check,No,19.75,No
4316-XCSLJ,Month-to-month,Mailed check,Yes,50.3,DSL
8610-WFCJF,Month-to-month,Electronic check,Yes,95.6,Fiber optic
9693-XMUOB,Month-to-month,Electronic check,Yes,50.25,DSL
0383-CLDDA,Two year,Credit card (automatic),Yes,85.35,DSL
4905-JEFDW,One year,Electronic check,Yes,41.6,DSL
2709-UQGNP,Month-to-month,Mailed check,Yes,51.65,DSL
3549-ZTMNH,Two year,Bank transfer (automatic),Yes,24.0,No
7881-INRLC,Month-to-month,Credit card (automatic),Yes,100.85,Fiber optic
8033-ATFAS,Month-to-month,Mailed check,Yes,59.85,DSL
1635-NZATJ,Two year,Credit card (automatic),No,25.45,No
0562-HKHML,Two year,Credit card (automatic),No,23.9,No
8277-RVRSV,One year,Credit card (automatic),No,24.15,No
9943-VSZUV,Month-to-month,Mailed check,Yes,75.7,Fiber optic
0117-LFRMW,Month-to-month,Bank transfer (automatic),No,40.2,DSL
6172-FECYY,Month-to-month,Electronic check,No,84.5,Fiber optic
7054-ENNGU,Month-to-month,Mailed check,No,50.85,DSL
1455-HFBXA,Two year,Credit card (automatic),Yes,91.6,Fiber optic
9402-CXWPL,One year,Electronic check,No,98.9,Fiber optic
1628-BIZYP,Month-to-month,Electronic check,Yes,85.0,Fiber optic
1965-AKTSX,Month-to-month,Electronic check,Yes,78.95,Fiber optic
0082-LDZUE,Month-to-month,Mailed check,Yes,44.3,DSL
4786-UKSNZ,Month-to-month,Mailed check,No,20.2,No
5343-SGUBI,One year,Mailed check,Yes,80.2,Fiber optic
0856-NAOES,Month-to-month,Mailed check,No,60.9,DSL
1976-AZZPJ,Month-to-month,Mailed check,No,34.2,DSL
7248-VZQLC,Month-to-month,Bank transfer (automatic),Yes,85.2,Fiber optic
6156-UZDLF,One year,Credit card (automatic),Yes,87.15,Fiber optic
3099-OONVS,Month-to-month,Electronic check,No,54.3,DSL
9500-WBGRP,Two year,Mailed check,Yes,19.1,No
5183-KLYEM,Two year,Credit card (automatic),Yes,112.75,Fiber optic
5144-PQCDZ,Month-to-month,Mailed check,Yes,19.95,No
8514-VZHEB,Two year,Mailed check,No,19.5,No
6625-IUTTT,Two year,Bank transfer (automatic),No,65.55,DSL
9355-NPPFS,Month-to-month,Electronic check,Yes,78.8,Fiber optic
0068-FIGTF,One year,Mailed check,No,78.2,DSL
5965-GGPRW,Two year,Bank transfer (automatic),No,105.25,Fiber optic
8035-PWSEV,Month-to-month,Electronic check,Yes,89.25,Fiber optic
2236-HILPA,Two year,Credit card (automatic),No,20.65,No
1840-BIUOG,One year,Electronic check,Yes,68.7,DSL
1356-MKYSK,Month-to-month,Credit card (automatic),No,78.65,DSL
6080-LNESI,Two year,Mailed check,No,24.75,No
1830-IPXVJ,Two year,Credit card (automatic),No,19.75,No
5828-DWPIL,Month-to-month,Electronic check,Yes,89.1,Fiber optic
8398-TBIYD,Two year,Bank transfer (automatic),Yes,84.7,Fiber optic
0011-IGKFF,Month-to-month,Electronic check,Yes,98.0,Fiber optic
4192-GORJT,Month-to-month,Electronic check,Yes,94.45,Fiber optic
6496-SLWHQ,Month-to-month,Electronic check,Yes,105.0,Fiber optic
9912-GVSEQ,Month-to-month,Electronic check,Yes,93.85,Fiber optic
2931-FSOHN,Month-to-month,Electronic check,Yes,59.9,DSL
9418-RUKPH,Two year,Mailed check,Yes,19.95,No
5383-MMTWC,Month-to-month,Electronic check,Yes,84.0,Fiber optic
9971-ZWPBF,Month-to-month,Electronic check,Yes,108.9,Fiber optic
4712-AUQZO,Month-to-month,Mailed check,No,33.6,DSL
9711-FJTBX,One year,Mailed check,Yes,85.85,Fiber optic
2908-ZTPNF,Month-to-month,Bank transfer (automatic),Yes,34.85,DSL
7240-ETPTR,Month-to-month,Electronic check,Yes,48.75,DSL
2202-CUYXZ,Month-to-month,Electronic check,Yes,84.85,Fiber optic
5995-OIGLP,Month-to-month,Mailed check,No,56.65,DSL
8421-WZOOW,Month-to-month,Credit card (automatic),Yes,95.3,Fiber optic
6261-RCVNS,One year,Credit card (automatic),No,73.9,DSL
7951-QKZPL,Two year,Mailed check,Yes,24.5,No
1414-YADCW,Two year,Bank transfer (automatic),No,84.6,Fiber optic
8756-RDDLT,Month-to-month,Electronic check,No,44.95,DSL
2862-PFNIK,Month-to-month,Electronic check,Yes,24.7,DSL
5816-QVHRX,Month-to-month,Credit card (automatic),No,100.3,Fiber optic
4430-YHXGG,Month-to-month,Mailed check,Yes,25.45,No
6888-SBYAI,Month-to-month,Mailed check,Yes,50.7,DSL
7395-XWZOY,Month-to-month,Credit card (automatic),Yes,55.0,DSL
7169-YWAMK,Two year,Bank transfer (automatic),No,68.4,DSL
3640-PHQXK,Month-to-month,Electronic check,Yes,89.9,Fiber optic
6877-LGWXO,Month-to-month,Electronic check,No,78.55,Fiber optic
6859-RKMZJ,Month-to-month,Bank transfer (automatic),Yes,55.05,DSL
2729-VNVAP,Two year,Credit card (automatic),No,19.8,No
2957-JIRMN,One year,Electronic check,No,84.45,Fiber optic
2049-BAFNW,Month-to-month,Mailed check,No,35.9,DSL
3842-QTGDL,Month-to-month,Bank transfer (automatic),No,80.75,Fiber optic
7163-OCEQI,One year,Mailed check,Yes,78.65,DSL
9782-LGXMC,Month-to-month,Bank transfer (automatic),No,61.75,DSL
5975-BAICR,One year,Credit card (automatic),Yes,63.7,DSL
8019-ENHXU,Month-to-month,Electronic check,Yes,99.45,Fiber optic
5167-GBFRE,Month-to-month,Bank transfer (automatic),Yes,25.2,DSL
9033-EOXWV,One year,Mailed check,No,74.05,DSL
4673-KKSLS,Month-to-month,Electronic check,No,87.6,Fiber optic
4853-OITSN,Month-to-month,Electronic check,Yes,89.15,Fiber optic
9800-OUIGR,Two year,Credit card (automatic),No,20.0,No
1324-NLTJE,Month-to-month,Credit card (automatic),No,55.0,DSL
2324-EFHVG,Two year,Bank transfer (automatic),Yes,104.4,Fiber optic
7094-MSZAO,Month-to-month,Credit card (automatic),Yes,20.05,No
1522-VVDMG,Month-to-month,Electronic check,Yes,89.75,Fiber optic
6907-CQGPN,Month-to-month,Electronic check,No,34.3,DSL
0780-XNZFN,Two year,Bank transfer (automatic),No,20.65,No
0239-OXEXL,Month-to-month,Mailed check,No,84.25,Fiber optic
2675-IJRGJ,Two year,Bank transfer (automatic),No,19.65,No
7049-GKVZY,One year,Credit card (automatic),No,79.85,DSL
8577-QSOCG,Two year,Mailed check,Yes,20.2,No
3721-CNZHX,One year,Mailed check,No,19.8,No
0212-ISBBF,Month-to-month,Electronic check,Yes,50.35,DSL
9185-TQCVP,Month-to-month,Electronic check,Yes,85.15,Fiber optic
3585-YNADK,One year,Bank transfer (automatic),No,74.6,DSL
5271-DBYSJ,Month-to-month,Credit card (automatic),Yes,79.15,Fiber optic
1099-GODLO,Two year,Mailed check,No,20.35,No
6828-HMKWP,Two year,Bank transfer (automatic),No,21.05,No
5567-WSELE,Month-to-month,Electronic check,Yes,94.6,Fiber optic
1472-TNCWL,Month-to-month,Electronic check,Yes,94.7,Fiber optic
8063-RJYNF,Month-to-month,Electronic check,Yes,94.25,Fiber optic
0687-ZVTHB,One year,Credit card (automatic),No,72.45,DSL
2080-GKCWQ,Month-to-month,Electronic check,No,74.95,Fiber optic
9661-ACXBS,Month-to-month,Electronic check,Yes,105.2,Fiber optic
2193-SFWQW,Two year,Bank transfer (automatic),No,111.95,Fiber optic
5656-JAMLX,Two year,Bank transfer (automatic),No,19.85,No
3462-BJQQA,Month-to-month,Electronic check,Yes,89.75,Fiber optic
0442-TDYUO,Two year,Mailed check,Yes,20.05,No
6733-LRIZX,Two year,Electronic check,Yes,108.95,Fiber optic
9503-XJUME,One year,Credit card (automatic),No,19.65,No
4367-NHWMM,Month-to-month,Mailed check,Yes,24.9,DSL
3727-RJMEO,Month-to-month,Electronic check,Yes,82.85,Fiber optic
3779-OSWCF,Two year,Credit card (automatic),No,93.2,DSL
6736-DHUQI,One year,Bank transfer (automatic),No,84.8,Fiber optic
3915-ODIYG,One year,Electronic check,Yes,71.75,DSL
1360-RCYRT,Month-to-month,Bank transfer (automatic),Yes,30.35,DSL
2724-FJDYW,One year,Bank transfer (automatic),No,54.85,DSL
4451-RWASJ,One year,Mailed check,Yes,19.5,No
6646-VRFOL,Month-to-month,Electronic check,Yes,103.85,Fiber optic
3460-TJBWI,Two year,Mailed check,No,24.2,No
5917-HBSDW,Month-to-month,Electronic check,No,19.35,No
5685-IIXLY,Month-to-month,Electronic check,Yes,83.6,Fiber optic
5671-UUNXD,One year,Electronic check,Yes,100.65,Fiber optic
0956-ACVZC,One year,Credit card (automatic),Yes,94.1,Fiber optic
2325-NBPZG,Month-to-month,Electronic check,Yes,74.55,Fiber optic
4250-ZBWLV,One year,Electronic check,No,108.45,Fiber optic
4482-FTFFX,Month-to-month,Electronic check,No,56.15,DSL
8859-DZTGQ,Two year,Mailed check,No,20.35,No
0440-MOGPM,One year,Electronic check,Yes,80.55,DSL
0020-JDNXP,One year,Mailed check,No,61.25,DSL
3752-CQSJI,Month-to-month,Mailed check,Yes,20.45,No
5025-GOOKI,Month-to-month,Credit card (automatic),Yes,18.9,No
4698-KVLLG,Two year,Credit card (automatic),No,19.6,No
5095-AESKG,Month-to-month,Credit card (automatic),Yes,91.5,Fiber optic
2887-JPYLU,Month-to-month,Bank transfer (automatic),No,45.2,DSL
4770-QAZXN,Month-to-month,Credit card (automatic),No,19.45,No
4896-CPRPF,Two year,Bank transfer (automatic),No,25.45,No
1871-MOWRM,Month-to-month,Bank transfer (automatic),No,80.85,Fiber optic
9714-EDSUC,Month-to-month,Mailed check,Yes,94.9,Fiber optic
2027-OAQQC,Month-to-month,Bank transfer (automatic),Yes,49.05,DSL
0282-NVSJS,Month-to-month,Mailed check,Yes,29.3,DSL
9090-SGQXL,Month-to-month,Electronic check,Yes,105.3,Fiber optic
6595-YGXIT,Month-to-month,Electronic check,Yes,88.95,Fiber optic
7353-YOWFP,One year,Mailed check,No,20.25,No
9835-ZIITK,One year,Electronic check,Yes,110.85,Fiber optic
8008-ESFLK,One year,Electronic check,No,110.5,Fiber optic
7537-CBQUZ,Month-to-month,Bank transfer (automatic),Yes,109.4,Fiber optic
1555-DJEQW,Two year,Bank transfer (automatic),Yes,114.2,Fiber optic
5649-TJHOV,Month-to-month,Bank transfer (automatic),No,36.5,DSL
0519-XUZJU,Month-to-month,Mailed check,No,70.75,Fiber optic
3363-EWLGO,Month-to-month,Mailed check,No,19.95,No
4750-UKWJK,One year,Mailed check,No,19.6,No
6338-AVWCY,Month-to-month,Mailed check,Yes,40.15,DSL
1689-YQBYY,Month-to-month,Electronic check,Yes,76.6,Fiber optic
4487-ZYJZK,One year,Credit card (automatic),No,19.6,No
2959-FENLU,Month-to-month,Credit card (automatic),Yes,85.3,Fiber optic
0708-LGSMF,Month-to-month,Electronic check,Yes,65.85,DSL
9253-QXKBE,Month-to-month,Electronic check,Yes,94.45,Fiber optic
7634-HLQJR,Two year,Credit card (automatic),No,20.05,No
0487-RPVUM,Month-to-month,Bank transfer (automatic),No,99.4,Fiber optic
4079-ULGFR,Month-to-month,Mailed check,No,20.0,No
2516-XSJKX,Two year,Electronic check,No,78.45,DSL
0057-QBUQH,Two year,Electronic check,Yes,25.1,No
9445-SZLCH,Month-to-month,Bank transfer (automatic),Yes,97.35,Fiber optic
6599-SFQVE,Month-to-month,Electronic check,Yes,55.0,DSL
8331-ZXFOE,One year,Credit card (automatic),Yes,71.1,DSL
4003-FUSHP,Month-to-month,Credit card (automatic),Yes,61.55,DSL
0356-ERHVT,Month-to-month,Bank transfer (automatic),Yes,45.9,DSL
7325-ENZFI,One year,Bank transfer (automatic),Yes,40.3,DSL
4884-ZTHVF,Month-to-month,Electronic check,Yes,87.1,Fiber optic
3920-HIHMQ,Month-to-month,Mailed check,Yes,49.5,DSL
3055-OYMSE,Month-to-month,Credit card (automatic),Yes,73.8,Fiber optic
0613-WUXUM,Two year,Mailed check,Yes,19.2,No
7568-PODML,Month-to-month,Mailed check,Yes,45.3,DSL
4458-KVRBJ,Two year,Mailed check,No,25.0,No
5349-IECLD,Month-to-month,Electronic check,No,94.95,Fiber optic
1397-XKKWR,One year,Mailed check,No,35.3,DSL
3945-GFWQL,Month-to-month,Electronic check,Yes,44.55,DSL
8097-OMULG,One year,Credit card (automatic),No,76.75,DSL
6013-BHCAW,Two year,Bank transfer (automatic),Yes,81.0,DSL
0401-WDBXM,Two year,Bank transfer (automatic),Yes,105.55,Fiber optic
3387-PLKUI,Month-to-month,Mailed check,No,18.8,No
6096-EGVTU,One year,Mailed check,No,24.9,No
3797-VTIDR,Month-to-month,Electronic check,Yes,23.45,DSL
5081-NWSUP,One year,Mailed check,No,64.9,DSL
2580-ATZSQ,One year,Bank transfer (automatic),No,61.35,DSL
8085-MSNLK,Two year,Mailed check,No,113.95,Fiber optic
9691-HKOVS,One year,Electronic check,Yes,90.15,DSL
9881-VCZEP,Month-to-month,Electronic check,No,54.1,DSL
9526-BIHHD,Month-to-month,Mailed check,No,29.7,DSL
8757-TFHHJ,Month-to-month,Credit card (automatic),Yes,49.8,DSL
4523-WXCEF,Month-to-month,Electronic check,No,101.1,Fiber optic
1468-DEFNC,Two year,Bank transfer (automatic),Yes,24.4,No
5119-KEPFY,Month-to-month,Bank transfer (automatic),Yes,95.0,Fiber optic
8364-TRMMK,Month-to-month,Mailed check,Yes,50.65,DSL
0916-KNFAJ,Two year,Mailed check,Yes,69.9,DSL
8319-QBEHW,One year,Bank transfer (automatic),Yes,39.95,DSL
3063-QFSZL,Month-to-month,Electronic check,Yes,55.4,DSL
8775-LHDJH,Month-to-month,Electronic check,Yes,90.6,Fiber optic
9625-QNLUX,Two year,Credit card (automatic),Yes,103.25,Fiber optic
3097-NQYSN,Month-to-month,Mailed check,Yes,86.85,Fiber optic
4024-CSNBY,Two year,Bank transfer (automatic),Yes,94.25,Fiber optic
7110-BDTWG,Two year,Electronic check,Yes,47.05,DSL
7493-GVFIO,Two year,Credit card (automatic),No,20.55,No
0690-SRQID,Month-to-month,Mailed check,Yes,19.65,No
9605-WGJVW,Month-to-month,Electronic check,Yes,70.2,Fiber optic
9114-DPSIA,Two year,Credit card (automatic),No,81.0,DSL
4700-UBQMV,One year,Bank transfer (automatic),Yes,75.9,DSL
7711-GQBZC,Two year,Bank transfer (automatic),No,24.7,No
3565-UNOCC,Month-to-month,Bank transfer (automatic),Yes,99.05,Fiber optic
4627-MIHJH,Two year,Credit card (automatic),No,110.25,Fiber optic
9795-NREXC,Two year,Credit card (automatic),Yes,85.0,DSL
8573-CGOCC,Month-to-month,Credit card (automatic),No,19.75,No
7356-AYNJP,One year,Electronic check,No,23.9,No
9249-FXSCK,One year,Credit card (automatic),Yes,111.25,Fiber optic
5493-SDRDQ,Month-to-month,Mailed check,Yes,55.1,DSL
6286-SUUWT,Month-to-month,Mailed check,No,19.95,No
4819-HJPIW,Month-to-month,Mailed check,No,25.15,DSL
8654-DHAOW,Month-to-month,Mailed check,No,54.15,DSL
5438-QMDDL,Month-to-month,Mailed check,Yes,59.8,DSL
9812-GHVRI,Month-to-month,Bank transfer (automatic),No,83.85,Fiber optic
5553-AOINX,One year,Electronic check,Yes,104.9,Fiber optic
1228-ZLNBX,Month-to-month,Mailed check,No,75.3,Fiber optic
4226-KKDON,Month-to-month,Electronic check,Yes,66.65,DSL
3831-YCPUO,Two year,Credit card (automatic),Yes,109.5,Fiber optic
7445-WMRBW,One year,Bank transfer (automatic),Yes,73.85,DSL
3308-DGHKL,Two year,Bank transfer (automatic),Yes,19.3,No
9924-JPRMC,Two year,Electronic check,Yes,118.2,Fiber optic
0080-EMYVY,One year,Credit card (automatic),No,51.45,DSL
6218-KNUBD,Month-to-month,Electronic check,No,59.45,DSL
7337-CINUD,Two year,Bank transfer (automatic),No,19.5,No
7609-NRNCA,One year,Mailed check,No,19.55,No
0623-EJQEG,One year,Electronic check,No,93.55,Fiber optic
7153-CHRBV,One year,Mailed check,Yes,59.3,DSL
0871-URUWO,Month-to-month,Credit card (automatic),Yes,102.25,Fiber optic
9190-MFJLN,Month-to-month,Credit card (automatic),Yes,95.9,Fiber optic
6198-PNNSZ,One year,Bank transfer (automatic),No,109.8,Fiber optic
3317-VLGQT,Month-to-month,Electronic check,Yes,78.1,Fiber optic
4132-POCZS,Month-to-month,Electronic check,Yes,39.9,DSL
5614-DNZCE,Two year,Credit card (automatic),Yes,64.9,DSL
1095-JUDTC,Month-to-month,Electronic check,Yes,95.05,Fiber optic
3896-RCYYE,Month-to-month,Credit card (automatic),Yes,53.4,DSL
9638-JIQYA,Month-to-month,Credit card (automatic),Yes,24.9,DSL
3258-SANFR,Month-to-month,Credit card (automatic),No,44.7,DSL
3726-TBHQT,Two year,Bank transfer (automatic),Yes,114.0,Fiber optic
3190-ITQXP,Two year,Bank transfer (automatic),No,20.25,No
0870-VEMYL,Month-to-month,Credit card (automatic),No,53.85,DSL
4833-QTJNO,Month-to-month,Bank transfer (automatic),No,83.85,Fiber optic
3039-MJSLN,Month-to-month,Bank transfer (automatic),No,20.2,No
0178-CIIKR,Month-to-month,Mailed check,No,19.95,No
5385-SUIRI,Month-to-month,Electronic check,Yes,104.2,Fiber optic
3982-XWFZQ,Month-to-month,Electronic check,Yes,50.25,DSL
5774-QPLTF,One year,Mailed check,Yes,20.35,No
2322-VCZHZ,Month-to-month,Electronic check,Yes,90.0,Fiber optic
5010-IPEAQ,Two year,Credit card (automatic),No,54.2,DSL
4009-ALQFH,Month-to-month,Electronic check,Yes,99.5,Fiber optic
6383-ZTSIW,One year,Mailed check,No,99.1,Fiber optic
8990-YOZLV,Two year,Mailed check,Yes,66.9,DSL
3069-SSVSN,One year,Mailed check,No,25.85,DSL
5222-IMUKT,Month-to-month,Electronic check,No,91.05,Fiber optic
3627-FCRDW,Month-to-month,Electronic check,No,71.0,Fiber optic
7562-GSUHK,Month-to-month,Credit card (automatic),Yes,93.2,Fiber optic
6685-XSHHU,Two year,Bank transfer (automatic),Yes,20.95,No
8901-UPRHR,Two year,Bank transfer (automatic),Yes,109.2,Fiber optic
4903-UYAVB,Month-to-month,Mailed check,No,19.35,No
0118-JPNOY,Month-to-month,Credit card (automatic),Yes,85.8,Fiber optic
6776-TLWOI,Month-to-month,Mailed check,No,19.85,No
3845-FXCYS,Month-to-month,Electronic check,Yes,19.65,No
5857-XRECV,One year,Bank transfer (automatic),No,20.5,No
0725-CXOTM,One year,Credit card (automatic),Yes,89.65,DSL
4343-EJVQB,Month-to-month,Mailed check,No,74.35,Fiber optic
9000-PLFUZ,Two year,Credit card (automatic),Yes,49.45,DSL
3427-GGZZI,Month-to-month,Electronic check,Yes,89.1,Fiber optic
7779-ORAEL,Two year,Credit card (automatic),No,75.15,DSL
0644-OQMDK,Month-to-month,Electronic check,Yes,70.65,Fiber optic
4077-CROMM,Month-to-month,Electronic check,Yes,104.2,Fiber optic
3154-CFSZG,Month-to-month,Electronic check,No,90.05,Fiber optic
2868-MZAGQ,Month-to-month,Electronic check,Yes,79.25,Fiber optic
4847-QNOKA,Month-to-month,Bank transfer (automatic),Yes,44.9,DSL
2220-IAHLS,Month-to-month,Credit card (automatic),No,19.4,No
1658-XUHBX,Month-to-month,Credit card (automatic),Yes,88.75,Fiber optic
6379-RXJRQ,Month-to-month,Electronic check,Yes,70.1,Fiber optic
2378-HTWFW,Month-to-month,Credit card (automatic),No,91.0,Fiber optic
8650-RHRKE,Month-to-month,Electronic check,Yes,29.65,DSL
4377-VDHYI,One year,Electronic check,Yes,90.8,Fiber optic
0475-RIJEP,Month-to-month,Electronic check,Yes,77.85,Fiber optic
1260-TTRXI,Month-to-month,Electronic check,No,54.3,DSL
3719-TDVQB,Two year,Mailed check,Yes,18.95,No
6328-ZPBGN,Month-to-month,Bank transfer (automatic),Yes,95.15,Fiber optic
0201-MIBOL,Two year,Bank transfer (automatic),Yes,102.4,Fiber optic
4937-QPZPO,One year,Electronic check,Yes,99.9,Fiber optic
2925-VDZHY,Two year,Credit card (automatic),No,88.7,DSL
6981-TDRFT,One year,Electronic check,Yes,54.3,DSL
3413-CSSTH,Month-to-month,Bank transfer (automatic),Yes,55.7,DSL
8033-VCZGH,One year,Electronic check,Yes,103.95,Fiber optic
4789-KWMXN,One year,Credit card (automatic),Yes,110.85,Fiber optic
0224-NIJLP,Two year,Mailed check,No,20.15,No
7542-CYDDM,Month-to-month,Mailed check,No,20.05,No
4718-WXBGI,Two year,Credit card (automatic),Yes,91.95,DSL
2867-UIMSS,Month-to-month,Electronic check,No,80.5,Fiber optic
8495-PRWFH,Month-to-month,Electronic check,No,55.65,DSL
0439-IFYUN,Month-to-month,Electronic check,Yes,74.7,Fiber optic
5716-LIBJC,One year,Credit card (automatic),Yes,104.15,Fiber optic
2868-LLSKM,One year,Bank transfer (automatic),Yes,83.65,Fiber optic
8111-RKSPX,Month-to-month,Bank transfer (automatic),Yes,72.2,Fiber optic
2988-QRAJY,Two year,Credit card (automatic),Yes,110.05,Fiber optic
1585-MQSSU,Month-to-month,Mailed check,No,51.5,DSL
0071-NDAFP,Two year,Credit card (automatic),No,25.5,No
2856-NNASM,Month-to-month,Mailed check,Yes,89.55,Fiber optic
7328-ZJAJO,Two year,Credit card (automatic),No,19.5,No
6458-CYIDZ,Month-to-month,Electronic check,No,80.7,Fiber optic
8559-CIZFV,One year,Mailed check,No,77.5,DSL
1090-PYKCI,One year,Credit card (automatic),Yes,105.1,Fiber optic
3058-WQDRE,Month-to-month,Bank transfer (automatic),Yes,25.15,DSL
7547-EKNFS,Month-to-month,Bank transfer (automatic),Yes,95.25,Fiber optic
2279-AXJJK,Month-to-month,Credit card (automatic),Yes,95.65,Fiber optic
6769-DYBQN,Month-to-month,Electronic check,No,85.0,Fiber optic
0909-SELIE,Two year,Bank transfer (automatic),Yes,80.8,DSL
3417-TSCIC,One year,Mailed check,Yes,24.85,DSL
1042-HFUCW,One year,Credit card (automatic),Yes,54.75,DSL
4439-JMPMT,Month-to-month,Electronic check,Yes,85.75,Fiber optic
6537-OTKMY,One year,Electronic check,No,50.75,DSL
8999-EXMNO,Two year,Mailed check,No,20.15,No
6725-TPKJO,Two year,Mailed check,No,20.05,No
2446-BEGGB,Month-to-month,Electronic check,Yes,98.25,Fiber optic
7162-WPHPM,Two year,Credit card (automatic),No,71.6,DSL
1599-MMYRQ,One year,Credit card (automatic),Yes,81.45,Fiber optic
8821-KVZKQ,One year,Bank transfer (automatic),Yes,58.4,DSL
1496-GGSUK,Month-to-month,Mailed check,Yes,25.7,DSL
6434-TTGJP,Two year,Credit card (automatic),No,53.7,DSL
0042-JVWOJ,One year,Bank transfer (automatic),Yes,19.6,No
0130-SXOUN,Month-to-month,Credit card (automatic),No,89.4,Fiber optic
2575-GFSOE,Month-to-month,Electronic check,Yes,69.0,Fiber optic
2330-PQGDQ,One year,Bank transfer (automatic),No,84.2,Fiber optic
1452-UZOSF,Two year,Credit card (automatic),Yes,106.1,Fiber optic
2097-YVPKN,Two year,Mailed check,No,25.75,No
2842-JTCCU,Month-to-month,Bank transfer (automatic),No,46.05,DSL
8597-CTXVJ,One year,Bank transfer (automatic),No,64.95,DSL
6631-HMANX,Two year,Credit card (automatic),Yes,85.45,DSL
9962-BFPDU,Month-to-month,Mailed check,No,20.05,No
3296-SILRA,Month-to-month,Mailed check,Yes,76.4,Fiber optic
9681-OXGVC,Month-to-month,Electronic check,Yes,100.5,Fiber optic
6394-HHHZM,Month-to-month,Mailed check,No,20.7,No
5995-LFTLE,Two year,Credit card (automatic),Yes,25.3,No
5180-UCIIQ,Month-to-month,Mailed check,No,40.05,DSL
1932-UEDCX,Month-to-month,Bank transfer (automatic),Yes,100.6,Fiber optic
7153-OANIO,Month-to-month,Electronic check,No,69.95,Fiber optic
5188-HGMLP,Month-to-month,Bank transfer (automatic),No,74.0,Fiber optic
0665-XHDJU,Two year,Electronic check,Yes,99.4,Fiber optic
6521-YYTYI,Month-to-month,Electronic check,Yes,93.3,Fiber optic
8878-HMWBV,Month-to-month,Electronic check,Yes,49.15,DSL
8265-HKSOW,Two year,Credit card (automatic),No,107.45,Fiber optic
3544-FBCAS,Two year,Credit card (automatic),Yes,83.6,DSL
5331-RGMTT,Month-to-month,Credit card (automatic),Yes,99.05,Fiber optic
4759-PXTAN,One year,Electronic check,Yes,80.1,DSL
7054-DMVAS,Two year,Bank transfer (automatic),Yes,65.3,DSL
3428-MMGUB,Two year,Electronic check,Yes,89.55,Fiber optic
6549-BTYPG,Two year,Credit card (automatic),No,60.8,DSL
7823-JSOAG,Month-to-month,Electronic check,No,74.5,Fiber optic
3705-RHRFR,Two year,Bank transfer (automatic),No,99.15,Fiber optic
9374-YOLBJ,Month-to-month,Electronic check,No,19.25,No
9074-KGVOX,Month-to-month,Credit card (automatic),Yes,39.45,DSL
6128-DAFVY,Month-to-month,Credit card (automatic),Yes,44.85,DSL
9933-QRGTX,Two year,Electronic check,Yes,97.2,Fiber optic
4476-OSWTN,One year,Mailed check,Yes,110.55,Fiber optic
3751-KTZEL,Month-to-month,Mailed check,No,35.05,DSL
1977-STDKI,Month-to-month,Electronic check,Yes,73.0,Fiber optic
5066-GFJMM,Month-to-month,Mailed check,Yes,19.9,No
2661-GKBTK,Two year,Bank transfer (automatic),No,76.95,DSL
0458-HEUZG,Two year,Mailed check,No,35.4,DSL
7268-WNTCP,Two year,Bank transfer (automatic),No,20.45,No
0824-VWDPO,One year,Bank transfer (automatic),No,96.75,Fiber optic
8409-WQJUX,One year,Electronic check,No,54.2,DSL
2578-JQPHZ,Two year,Bank transfer (automatic),No,100.1,Fiber optic
3278-FSIXX,Month-to-month,Mailed check,Yes,45.25,DSL
5813-UECBU,Month-to-month,Credit card (automatic),Yes,83.85,Fiber optic
0328-GRPMV,Month-to-month,Electronic check,Yes,70.1,Fiber optic
9746-UGFAC,One year,Bank transfer (automatic),No,20.85,No
2946-KIQSP,Month-to-month,Mailed check,Yes,33.45,DSL
0625-AFOHS,Two year,Mailed check,No,20.2,No
6726-WEXXK,One year,Electronic check,Yes,85.9,Fiber optic
4636-OLWOE,One year,Electronic check,Yes,61.0,DSL
4342-HENTK,Month-to-month,Electronic check,Yes,70.65,Fiber optic
4685-ERGHK,One year,Electronic check,Yes,86.9,Fiber optic
0885-HMGPY,Two year,Bank transfer (automatic),No,69.4,DSL
5003-OKNNK,One year,Credit card (automatic),No,20.35,No
4195-SMMNX,Month-to-month,Mailed check,No,20.35,No
7208-PSIHR,Two year,Bank transfer (automatic),Yes,104.3,Fiber optic
4012-ZTHBR,Month-to-month,Electronic check,Yes,44.95,DSL
0489-WMEMG,One year,Electronic check,Yes,49.45,DSL
7435-ZNUYY,One year,Mailed check,No,20.6,No
1354-YZFNB,Two year,Credit card (automatic),No,19.55,No
6956-SMUCM,Month-to-month,Credit card (automatic),Yes,99.0,Fiber optic
2985-FMWYF,Month-to-month,Electronic check,Yes,93.5,Fiber optic
2812-ENYMO,One year,Credit card (automatic),No,54.55,DSL
2717-HVIZY,Month-to-month,Mailed check,No,20.05,No
3223-WZWJM,Month-to-month,Electronic check,Yes,83.95,Fiber optic
3422-GALYP,Month-to-month,Electronic check,Yes,79.45,Fiber optic
9053-JZFKV,Two year,Credit card (automatic),No,116.2,Fiber optic
2530-ENDWQ,Two year,Bank transfer (automatic),Yes,93.7,Fiber optic
2890-WFBHU,One year,Credit card (automatic),No,79.85,DSL
0327-WFZSY,One year,Electronic check,No,100.0,Fiber optic
7977-HXJKU,Two year,Mailed check,No,19.6,No
6615-ZGEDR,Month-to-month,Mailed check,No,19.7,No
7033-CLAMM,Two year,Bank transfer (automatic),No,20.2,No
4023-RTIQM,One year,Credit card (automatic),Yes,50.4,DSL
0864-FVJNJ,One year,Electronic check,No,113.35,Fiber optic
7356-IWLFW,Month-to-month,Bank transfer (automatic),Yes,80.0,Fiber optic
9541-PWTWO,Two year,Bank transfer (automatic),Yes,80.95,DSL
3967-VQOGC,Two year,Mailed check,Yes,24.9,No
7872-RDDLZ,Month-to-month,Electronic check,No,54.9,DSL
9250-WYPLL,Month-to-month,Electronic check,No,75.55,Fiber optic
6308-CQRBU,Two year,Electronic check,No,109.25,Fiber optic
2754-XBHTB,Month-to-month,Bank transfer (automatic),Yes,77.65,Fiber optic
1597-LHYNC,Month-to-month,Electronic check,Yes,95.0,Fiber optic
0186-CAERR,One year,Bank transfer (automatic),Yes,116.3,Fiber optic
3043-SUDUA,Month-to-month,Bank transfer (automatic),No,19.9,No
5442-BHQNG,Month-to-month,Electronic check,No,70.35,Fiber optic
2169-RRLFW,Two year,Credit card (automatic),No,25.6,No
5872-OEQNH,One year,Electronic check,Yes,44.45,DSL
3162-KKZXO,One year,Electronic check,Yes,100.15,Fiber optic
7055-VKGDA,One year,Credit card (automatic),Yes,105.4,Fiber optic
0754-UKWQP,Month-to-month,Electronic check,Yes,95.85,Fiber optic
8873-GLDMH,Month-to-month,Mailed check,Yes,73.85,Fiber optic
5696-JVVQY,Two year,Credit card (automatic),Yes,70.1,DSL
8946-BFWSG,Two year,Mailed check,No,25.25,No
7493-TPUWZ,Month-to-month,Electronic check,Yes,79.15,Fiber optic
0547-HURJB,Month-to-month,Credit card (automatic),No,21.05,No
8904-OPDCK,Month-to-month,Bank transfer (automatic),Yes,24.95,DSL
8845-LWKGE,One year,Electronic check,Yes,64.5,DSL
1577-HKTFG,Month-to-month,Bank transfer (automatic),No,19.65,No
8752-STIVR,Month-to-month,Electronic check,Yes,79.0,Fiber optic
0691-NIKRI,One year,Credit card (automatic),Yes,105.95,Fiber optic
5022-JNQEQ,Month-to-month,Electronic check,Yes,75.85,Fiber optic
4558-FANTW,Month-to-month,Electronic check,No,91.85,Fiber optic
3249-VHRIP,Two year,Credit card (automatic),Yes,43.6,DSL
3736-BLEPA,One year,Bank transfer (automatic),Yes,91.25,Fiber optic
4701-LKOZD,Two year,Credit card (automatic),No,89.75,DSL
6603-QWSPR,Two year,Bank transfer (automatic),Yes,104.4,Fiber optic
9921-QFQUL,Month-to-month,Mailed check,No,90.15,Fiber optic
1929-ZCBHE,One year,Electronic check,No,40.3,DSL
4378-MYPGO,Two year,Bank transfer (automatic),Yes,105.25,Fiber optic
8651-ENBZX,One year,Electronic check,Yes,106.0,Fiber optic
4129-LYCOI,Two year,Electronic check,Yes,104.0,Fiber optic
7798-JVXYM,Month-to-month,Electronic check,Yes,69.65,DSL
8647-SDTWQ,Month-to-month,Electronic check,Yes,74.3,Fiber optic
2696-ECXKC,One year,Mailed check,No,100.9,Fiber optic
2081-KJSQF,Month-to-month,Mailed check,Yes,20.25,No
7623-TRNQN,Month-to-month,Mailed check,Yes,49.9,DSL
3323-CPBWR,Month-to-month,Credit card (automatic),Yes,96.9,Fiber optic
9330-IJWIO,Month-to-month,Electronic check,Yes,100.35,Fiber optic
3384-CTMSF,Month-to-month,Electronic check,Yes,104.1,Fiber optic
0902-RFHOF,One year,Mailed check,No,20.1,No
9286-DOJGF,Month-to-month,Bank transfer (automatic),Yes,74.95,Fiber optic
6048-QBXKL,Month-to-month,Credit card (automatic),Yes,56.55,DSL
9661-MHUMO,Month-to-month,Credit card (automatic),Yes,49.25,DSL
7718-RXDGG,Month-to-month,Bank transfer (automatic),Yes,68.6,Fiber optic
1025-FALIX,Month-to-month,Credit card (automatic),Yes,69.05,Fiber optic
3451-VAWLI,Two year,Credit card (automatic),No,19.7,No
3407-QGWLG,Month-to-month,Mailed check,Yes,20.05,No
1842-EZJMK,Month-to-month,Electronic check,No,103.7,Fiber optic
2347-WKKAE,Month-to-month,Electronic check,Yes,94.4,Fiber optic
8735-DCXNF,Month-to-month,Credit card (automatic),Yes,54.95,DSL
3214-IYUUQ,One year,Bank transfer (automatic),No,93.7,Fiber optic
1936-UAFEH,Two year,Credit card (automatic),No,110.25,Fiber optic
3587-PMCOY,One year,Electronic check,Yes,98.9,Fiber optic
8079-XRJRS,One year,Electronic check,No,89.75,Fiber optic
1027-LKKQQ,Two year,Bank transfer (automatic),Yes,80.45,DSL
7148-XZPHA,Month-to-month,Electronic check,No,79.4,Fiber optic
8073-IJDCM,Month-to-month,Mailed check,Yes,20.3,No
5309-TAIKL,Month-to-month,Bank transfer (automatic),No,62.8,DSL
6856-RAURS,Month-to-month,Mailed check,Yes,74.9,Fiber optic
8778-LMWTJ,Month-to-month,Electronic check,Yes,74.85,Fiber optic
9717-IOAAF,Two year,Credit card (automatic),Yes,25.85,No
8884-ADFVN,Month-to-month,Electronic check,Yes,101.95,Fiber optic
2845-KDHVX,Two year,Mailed check,Yes,68.3,DSL
0848-SOMKO,Two year,Bank transfer (automatic),No,48.4,DSL
2720-WGKHP,Month-to-month,Electronic check,Yes,94.0,Fiber optic
6734-FQAJX,Two year,Electronic check,Yes,105.05,Fiber optic
2869-ADAWR,Month-to-month,Credit card (automatic),Yes,89.3,Fiber optic
1535-VTJOQ,Two year,Credit card (automatic),No,25.15,No
6368-TZZDT,Two year,Credit card (automatic),No,19.5,No
0943-ZQPXH,Month-to-month,Bank transfer (automatic),Yes,92.95,Fiber optic
1293-BSEUN,Two year,Mailed check,Yes,20.7,No
9894-EZEWG,Month-to-month,Credit card (automatic),Yes,74.3,Fiber optic
1302-TPUBN,Two year,Bank transfer (automatic),No,19.35,No
7851-FLGGQ,Month-to-month,Mailed check,Yes,44.65,DSL
0637-UBJRP,Month-to-month,Electronic check,No,84.05,Fiber optic
0940-OUQEC,Month-to-month,Bank transfer (automatic),Yes,80.7,Fiber optic
2378-VTKDH,Month-to-month,Electronic check,Yes,104.35,Fiber optic
0927-CNGRH,Month-to-month,Mailed check,No,19.55,No
8608-OZTLB,One year,Electronic check,No,74.05,DSL
2335-GSODA,Two year,Mailed check,No,40.1,DSL
1952-DVVSW,One year,Mailed check,No,20.1,No
0702-PGIBZ,Month-to-month,Electronic check,Yes,101.7,Fiber optic
6656-GULJQ,Two year,Credit card (automatic),Yes,83.55,DSL
9853-JFZDU,Month-to-month,Electronic check,No,56.85,DSL
1963-VAUKV,Month-to-month,Mailed check,No,20.4,No
3777-XROBG,Two year,Credit card (automatic),No,19.55,No
6994-FGRHH,One year,Electronic check,Yes,106.15,Fiber optic
4000-VGMQP,One year,Credit card (automatic),No,78.95,DSL
3999-WRNGR,Month-to-month,Electronic check,Yes,49.75,DSL
3466-RITXD,Month-to-month,Credit card (automatic),Yes,92.4,Fiber optic
2680-XKKNJ,One year,Bank transfer (automatic),No,58.2,DSL
3058-HJCUY,One year,Electronic check,Yes,102.6,Fiber optic
2974-GGUXS,Month-to-month,Credit card (automatic),Yes,91.95,Fiber optic
7994-XIRTR,One year,Bank transfer (automatic),No,65.25,DSL
3259-FDWOY,Two year,Bank transfer (automatic),Yes,106.0,Fiber optic
2101-RANCD,Month-to-month,Electronic check,Yes,73.1,Fiber optic
7921-BEPCI,Two year,Bank transfer (automatic),No,59.75,DSL
0807-ZABDG,Month-to-month,Mailed check,Yes,55.1,DSL
8510-TMWYB,Two year,Bank transfer (automatic),Yes,59.8,DSL
3258-ZKPAI,Two year,Bank transfer (automatic),Yes,116.6,Fiber optic
1428-IEDPR,Two year,Electronic check,Yes,109.3,Fiber optic
5298-GSTLM,One year,Bank transfer (automatic),Yes,101.4,Fiber optic
4450-YOOHP,Month-to-month,Credit card (automatic),Yes,50.65,DSL
6728-CZFEI,One year,Mailed check,No,56.15,DSL
5748-RNCJT,Two year,Bank transfer (automatic),Yes,106.5,Fiber optic
3653-NCRDJ,One year,Mailed check,Yes,19.2,No
6121-TNHBO,One year,Bank transfer (automatic),No,83.0,DSL
5119-NZPTV,Month-to-month,Electronic check,No,70.1,Fiber optic
6519-ZHPXP,Two year,Bank transfer (automatic),Yes,108.3,Fiber optic
7739-LAXOG,Month-to-month,Bank transfer (automatic),Yes,91.05,Fiber optic
3472-QPRCH,Two year,Credit card (automatic),No,25.25,No
8224-UAXBZ,One year,Electronic check,Yes,45.35,DSL
9610-WCESF,Two year,Electronic check,No,43.9,DSL
9776-CLUJA,Month-to-month,Electronic check,Yes,77.5,Fiber optic
2486-WYVVE,One year,Mailed check,Yes,79.3,DSL
3865-ZYKAD,Month-to-month,Credit card (automatic),Yes,84.9,Fiber optic
1422-DGUBX,One year,Electronic check,Yes,79.25,Fiber optic
2999-AANRQ,Two year,Credit card (automatic),No,71.05,DSL
8668-KNZTI,One year,Electronic check,No,53.75,DSL
0480-KYJVA,Two year,Credit card (automatic),No,24.25,No
6034-ZRYCV,Two year,Electronic check,Yes,54.2,DSL
9746-YKGXB,One year,Bank transfer (automatic),No,44.25,DSL
3926-YZVVX,One year,Bank transfer (automatic),No,50.05,DSL
6000-UKLWI,Two year,Mailed check,No,20.15,No
2079-FBMZK,Month-to-month,Mailed check,Yes,69.25,Fiber optic
6332-FBZRI,One year,Credit card (automatic),Yes,69.35,DSL
2096-XOTMO,Month-to-month,Mailed check,No,19.35,No
3266-FTKHB,Two year,Mailed check,No,19.15,No
8221-EQDGL,Month-to-month,Mailed check,No,61.0,DSL
2346-LOCWC,Two year,Credit card (automatic),No,20.5,No
6608-QQLVK,Month-to-month,Electronic check,Yes,50.5,DSL
0298-XACET,Two year,Mailed check,No,50.2,DSL
7560-QJAVJ,Two year,Bank transfer (automatic),No,79.6,DSL
2995-YWTCD,Two year,Bank transfer (automatic),Yes,24.9,No
3551-HUAZH,Month-to-month,Electronic check,Yes,74.4,Fiber optic
9137-UIYPG,Month-to-month,Electronic check,Yes,106.9,Fiber optic
2809-ZMYOQ,Month-to-month,Electronic check,Yes,101.35,Fiber optic
5084-OOVCJ,Month-to-month,Credit card (automatic),Yes,55.35,DSL
0254-WWRKD,One year,Credit card (automatic),No,50.55,DSL
7727-SHVZV,Month-to-month,Bank transfer (automatic),No,19.5,No
6302-JGYRJ,One year,Mailed check,Yes,79.45,DSL
5339-PXDVH,Month-to-month,Electronic check,No,90.65,Fiber optic
2205-LPVGL,One year,Bank transfer (automatic),Yes,89.85,Fiber optic
8782-NUUOL,One year,Mailed check,No,79.0,DSL
3685-YLCMQ,One year,Electronic check,Yes,104.65,Fiber optic
7601-WFVZV,Month-to-month,Mailed check,No,19.55,No
4609-KNNWG,Two year,Mailed check,No,19.9,No
4868-AADLV,One year,Electronic check,Yes,116.25,Fiber optic
9529-OFXHY,Month-to-month,Bank transfer (automatic),Yes,87.75,Fiber optic
8634-MPHTR,Month-to-month,Electronic check,Yes,100.05,Fiber optic
2669-QVCRG,Month-to-month,Credit card (automatic),Yes,81.3,Fiber optic
2478-EEWWM,Month-to-month,Electronic check,Yes,44.3,DSL
9174-IHETN,Two year,Credit card (automatic),No,70.35,Fiber optic
2233-TXSIU,One year,Credit card (automatic),No,44.45,DSL
9644-UMGQA,Month-to-month,Electronic check,Yes,49.15,DSL
3256-EZDBI,Month-to-month,Credit card (automatic),Yes,29.45,DSL
8761-NSOBC,Month-to-month,Electronic check,No,100.55,Fiber optic
0419-YAAPX,Month-to-month,Credit card (automatic),Yes,85.3,Fiber optic
8413-VONUO,Month-to-month,Electronic check,No,95.65,Fiber optic
0872-CASZJ,One year,Mailed check,Yes,69.1,DSL
4726-DLWQN,Month-to-month,Bank transfer (automatic),Yes,70.35,DSL
8164-OCKUJ,Two year,Mailed check,No,20.6,No
3094-JOJAI,Month-to-month,Mailed check,No,74.15,Fiber optic
9494-MRNYX,Month-to-month,Electronic check,No,75.05,Fiber optic
2599-CZABP,One year,Electronic check,No,44.6,DSL
7945-PRBVF,Two year,Bank transfer (automatic),No,21.45,No
4544-RXFMG,One year,Mailed check,Yes,43.45,DSL
0859-YGKFW,One year,Bank transfer (automatic),No,20.05,No
1150-FTQGN,One year,Bank transfer (automatic),No,94.15,Fiber optic
9223-UCPVT,Month-to-month,Electronic check,No,94.4,Fiber optic
7196-LIWRH,Two year,Mailed check,No,19.55,No
5448-VWNAM,Month-to-month,Mailed check,Yes,75.9,DSL
1177-XZBJL,One year,Bank transfer (automatic),No,64.15,DSL
3518-FSTWG,Two year,Bank transfer (automatic),Yes,109.55,Fiber optic
9330-VOFSZ,Two year,Credit card (automatic),Yes,110.8,Fiber optic
4351-QLCSU,Month-to-month,Credit card (automatic),Yes,55.0,DSL
0939-EREMR,Month-to-month,Mailed check,No,53.45,DSL
9389-ACWBI,Month-to-month,Credit card (automatic),No,69.95,Fiber optic
5419-JPRRN,Month-to-month,Electronic check,Yes,101.45,Fiber optic
3644-QXEHN,Month-to-month,Electronic check,No,97.0,Fiber optic
2911-IJORQ,One year,Bank transfer (automatic),Yes,90.6,DSL
5921-NGYRH,Month-to-month,Mailed check,Yes,73.55,Fiber optic
2100-BDNSN,Month-to-month,Bank transfer (automatic),No,67.95,DSL
5998-DZLYR,Two year,Bank transfer (automatic),Yes,94.35,Fiber optic
0488-GSLFR,Month-to-month,Electronic check,Yes,69.5,Fiber optic
9318-NKNFC,Month-to-month,Mailed check,Yes,18.85,No
3985-HOYPM,One year,Mailed check,No,19.4,No
9728-FTTVZ,Month-to-month,Electronic check,Yes,69.2,Fiber optic
9548-LERKT,Two year,Mailed check,No,19.75,No
6576-FBXOJ,One year,Electronic check,No,54.6,DSL
4310-KEDTB,Month-to-month,Mailed check,Yes,29.8,DSL
7254-IQWOZ,Month-to-month,Electronic check,Yes,69.65,Fiber optic
2474-BRUCM,Month-to-month,Electronic check,No,101.85,Fiber optic
4062-HBMOS,Month-to-month,Electronic check,Yes,103.05,Fiber optic
0742-NXBGR,Month-to-month,Electronic check,Yes,82.3,Fiber optic
2676-ISHSF,Month-to-month,Mailed check,No,20.3,No
9236-NDUCW,Two year,Mailed check,No,35.1,DSL
4753-PADAS,One year,Bank transfer (automatic),Yes,105.7,Fiber optic
6103-QCKFX,Month-to-month,Bank transfer (automatic),No,56.25,DSL
7781-EWARA,One year,Electronic check,No,60.35,DSL
6110-OHIHY,Month-to-month,Electronic check,No,79.25,Fiber optic
7018-FPXHH,Two year,Bank transfer (automatic),Yes,59.8,DSL
5889-LFOLL,Month-to-month,Electronic check,Yes,84.6,Fiber optic
5708-EVONK,Month-to-month,Bank transfer (automatic),Yes,93.4,Fiber optic
8708-XPXHZ,Month-to-month,Electronic check,Yes,94.2,Fiber optic
0616-ATFGB,Month-to-month,Electronic check,No,25.05,DSL
0572-ZJKLT,Two year,Mailed check,No,99.65,Fiber optic
5135-RDDQL,Two year,Bank transfer (automatic),Yes,50.65,DSL
1353-LJWEM,Month-to-month,Electronic check,Yes,60.9,DSL
1794-SWWKL,Month-to-month,Bank transfer (automatic),Yes,59.65,DSL
6166-YIPFO,Two year,Electronic check,Yes,64.7,DSL
7016-BPGEU,Month-to-month,Credit card (automatic),Yes,25.1,DSL
6876-ADESB,Month-to-month,Electronic check,No,48.95,DSL
9332-GYWLO,Month-to-month,Electronic check,No,54.85,DSL
1963-SVUCV,Month-to-month,Electronic check,No,45.3,DSL
4184-VODJZ,One year,Electronic check,Yes,91.35,Fiber optic
0220-EBGCE,Month-to-month,Electronic check,Yes,85.85,Fiber optic
1092-WPIVQ,Two year,Mailed check,No,25.1,No
7233-IOQNP,Month-to-month,Bank transfer (automatic),No,34.0,DSL
2834-JKOOW,One year,Mailed check,No,45.9,DSL
2754-VDLTR,Month-to-month,Electronic check,No,95.2,Fiber optic
2400-FEQME,Two year,Mailed check,No,20.5,No
3190-XFANI,One year,Bank transfer (automatic),Yes,100.6,Fiber optic
7551-DACSP,Month-to-month,Mailed check,Yes,55.3,DSL
4957-SREEC,Two year,Credit card (automatic),No,20.35,No
7235-NXZCP,Month-to-month,Mailed check,Yes,74.85,Fiber optic
0230-UBYPQ,One year,Bank transfer (automatic),No,36.1,DSL
4923-ADWXJ,Month-to-month,Bank transfer (automatic),Yes,65.8,DSL
1763-KUAAW,One year,Bank transfer (automatic),No,20.35,No
1104-TNLZA,Month-to-month,Electronic check,Yes,105.8,Fiber optic
5195-KPUNQ,One year,Mailed check,Yes,96.75,Fiber optic
0520-FDVVT,One year,Bank transfer (automatic),Yes,102.35,Fiber optic
3439-GVUSX,Month-to-month,Mailed check,No,24.4,DSL
1444-VVSGW,One year,Credit card (automatic),No,115.65,Fiber optic
5712-PTIWW,Month-to-month,Electronic check,Yes,79.85,Fiber optic
5949-HGVJL,Month-to-month,Electronic check,Yes,73.05,DSL
5203-XEHAX,One year,Electronic check,No,64.35,DSL
1635-HDGFT,Two year,Mailed check,No,20.5,No
3315-TOTBP,Month-to-month,Mailed check,Yes,76.0,Fiber optic
8050-XGRVL,One year,Credit card (automatic),No,54.75,DSL
6661-HBGWL,Month-to-month,Bank transfer (automatic),Yes,104.75,Fiber optic
1518-VOWAV,Month-to-month,Electronic check,Yes,74.65,DSL
9828-QHFBK,Month-to-month,Electronic check,Yes,51.15,DSL
3908-MKIMJ,Two year,Electronic check,Yes,41.95,DSL
5012-YSPJJ,Month-to-month,Mailed check,No,54.35,DSL
5909-ECHUI,Month-to-month,Electronic check,Yes,56.25,DSL
1309-BXVOQ,Month-to-month,Electronic check,Yes,106.1,Fiber optic
6728-VOIFY,One year,Electronic check,Yes,96.0,Fiber optic
9317-WZPGV,Month-to-month,Bank transfer (automatic),Yes,79.75,Fiber optic
4891-NLUBA,Two year,Bank transfer (automatic),Yes,61.45,DSL
2856-HYAPG,Month-to-month,Electronic check,No,68.65,Fiber optic
8969-PRHFK,One year,Mailed check,No,19.65,No
0661-KQHNK,One year,Credit card (automatic),No,19.0,No
8709-KRDVL,Month-to-month,Electronic check,Yes,100.0,Fiber optic
4488-PSYCG,Month-to-month,Bank transfer (automatic),No,20.25,No
1427-VERSM,Month-to-month,Electronic check,Yes,98.7,Fiber optic
9801-NOSHQ,One year,Mailed check,No,19.8,No
6339-YPSAH,Month-to-month,Electronic check,Yes,73.8,Fiber optic
3621-CEOVK,Month-to-month,Electronic check,Yes,100.2,Fiber optic
6906-ANDWJ,Month-to-month,Bank transfer (automatic),Yes,74.9,Fiber optic
2159-TURXX,Month-to-month,Credit card (automatic),No,20.05,No
1548-FEHVL,Month-to-month,Electronic check,Yes,106.2,Fiber optic
3795-CAWEX,Two year,Credit card (automatic),Yes,116.55,Fiber optic
6215-NQCPY,Month-to-month,Electronic check,Yes,99.7,Fiber optic
5647-URDKA,Two year,Mailed check,No,19.7,No
2229-DPMBI,Two year,Mailed check,No,19.5,No
9626-WEQRM,Month-to-month,Mailed check,Yes,29.15,DSL
2188-SXWVT,One year,Mailed check,No,55.0,DSL
6258-PVZWJ,Two year,Credit card (automatic),Yes,90.8,DSL
1094-BKOSX,One year,Bank transfer (automatic),No,51.0,DSL
6969-MVBAI,Month-to-month,Electronic check,Yes,90.1,Fiber optic
2978-XXSOG,Month-to-month,Mailed check,Yes,59.05,DSL
2342-CKIAO,Month-to-month,Mailed check,No,20.3,No
6953-PBDIN,Two year,Bank transfer (automatic),No,72.95,DSL
3898-BSJYF,One year,Credit card (automatic),No,73.55,DSL
3938-YFPXD,Two year,Credit card (automatic),No,84.3,DSL
7696-AMHOD,One year,Credit card (automatic),No,78.0,DSL
2453-SAFNS,One year,Mailed check,No,72.1,DSL
9558-IHEZX,Two year,Credit card (automatic),Yes,106.75,Fiber optic
9617-UDPEU,One year,Mailed check,Yes,19.25,No
6340-DACFT,Two year,Credit card (automatic),No,20.55,No
4955-VCWBI,One year,Mailed check,No,20.0,No
6813-GZQCG,Two year,Credit card (automatic),Yes,24.65,No
7426-GSWPO,Month-to-month,Bank transfer (automatic),Yes,103.5,Fiber optic
3389-KTRXV,Two year,Mailed check,No,23.85,No
3118-UHVVQ,Two year,Credit card (automatic),No,25.8,No
1031-IIDEO,Month-to-month,Electronic check,Yes,70.85,Fiber optic
5832-XKAES,Month-to-month,Credit card (automatic),Yes,69.8,Fiber optic
3205-MXZRA,One year,Credit card (automatic),No,59.45,DSL
4701-AHWMW,Month-to-month,Bank transfer (automatic),Yes,54.55,DSL
8317-BVKSO,Month-to-month,Electronic check,Yes,20.05,No
5702-KVQRD,Two year,Electronic check,Yes,82.55,DSL
0083-PIVIK,One year,Electronic check,No,81.25,DSL
9210-IAHGH,Month-to-month,Credit card (automatic),Yes,70.75,DSL
6169-PGNCD,Two year,Credit card (automatic),Yes,74.3,DSL
0023-XUOPT,Month-to-month,Electronic check,No,94.1,Fiber optic
4592-IWTJI,Month-to-month,Credit card (automatic),No,29.7,DSL
4909-JOUPP,Two year,Credit card (automatic),No,109.7,Fiber optic
4657-FWVFY,Month-to-month,Credit card (automatic),Yes,96.35,Fiber optic
2257-BOVXD,Month-to-month,Credit card (automatic),Yes,66.6,DSL
7729-JTEEC,Month-to-month,Electronic check,Yes,44.5,DSL
7632-MNYOY,One year,Credit card (automatic),No,110.9,Fiber optic
6518-LGAOV,Month-to-month,Electronic check,Yes,105.0,Fiber optic
7242-QZLXF,Month-to-month,Electronic check,Yes,25.3,DSL
4576-CSAJH,One year,Credit card (automatic),Yes,55.15,DSL
1000-AJSLD,Month-to-month,Mailed check,Yes,20.1,No
9696-RMYBA,Month-to-month,Mailed check,Yes,80.1,Fiber optic
8690-UPCZI,One year,Bank transfer (automatic),No,69.05,DSL
1062-LHZOD,Month-to-month,Mailed check,Yes,69.9,Fiber optic
9770-LXDBK,Month-to-month,Mailed check,No,20.4,No
4086-WITJG,Two year,Credit card (automatic),No,19.7,No
8344-WFMFH,Month-to-month,Electronic check,Yes,50.1,DSL
9600-NAXZN,Month-to-month,Electronic check,Yes,101.4,Fiber optic
8822-KNBHV,One year,Credit card (automatic),Yes,83.45,DSL
8404-FYDIB,Month-to-month,Credit card (automatic),Yes,86.65,Fiber optic
2791-SFVEW,Month-to-month,Bank transfer (automatic),No,20.15,No
6457-USBER,Month-to-month,Electronic check,Yes,80.8,Fiber optic
6762-NSODU,Two year,Credit card (automatic),No,19.4,No
4662-EKDPQ,Month-to-month,Bank transfer (automatic),No,62.05,DSL
9248-OJYKK,Month-to-month,Electronic check,Yes,76.45,Fiber optic
9888-ZCUMM,Two year,Bank transfer (automatic),Yes,60.05,DSL
3398-FSHON,Month-to-month,Electronic check,Yes,91.3,Fiber optic
3319-DWOEP,Month-to-month,Electronic check,Yes,95.75,Fiber optic
1074-WVEVG,One year,Mailed check,No,20.35,No
9979-RGMZT,One year,Mailed check,Yes,94.05,Fiber optic
6437-UDQJM,Two year,Credit card (automatic),Yes,84.1,DSL
1226-IENZN,Month-to-month,Electronic check,Yes,78.75,Fiber optic
2108-GLPQB,Month-to-month,Credit card (automatic),No,55.55,DSL
9259-PACGQ,Month-to-month,Electronic check,No,62.65,DSL
4415-IJZTP,Month-to-month,Electronic check,Yes,74.5,Fiber optic
1465-VINDH,Month-to-month,Credit card (automatic),Yes,102.1,Fiber optic
5474-LAMUQ,One year,Mailed check,No,20.1,No
3468-DRVQJ,One year,Electronic check,No,70.3,DSL
1122-YJBCS,One year,Credit card (automatic),Yes,53.65,DSL
4990-ALDGW,Two year,Mailed check,No,20.75,No
4816-OKWNX,One year,Bank transfer (automatic),Yes,103.4,Fiber optic
3315-IKYZQ,One year,Mailed check,No,50.8,DSL
2810-FTLEM,Month-to-month,Electronic check,Yes,50.15,DSL
4747-LCAQL,Month-to-month,Mailed check,Yes,79.0,DSL
3411-WLRSQ,Month-to-month,Bank transfer (automatic),Yes,74.6,Fiber optic
0898-XCGTF,One year,Bank transfer (automatic),Yes,96.5,Fiber optic
8006-PYCSW,Month-to-month,Mailed check,No,20.1,No
8249-THVEC,One year,Mailed check,No,19.4,No
8722-PRFDV,Two year,Credit card (automatic),No,77.55,DSL
2164-SOQXL,Month-to-month,Mailed check,No,20.05,No
4020-KIUDI,Month-to-month,Credit card (automatic),No,19.85,No
5850-BDWCY,Month-to-month,Mailed check,No,20.2,No
2038-YSEZE,Month-to-month,Mailed check,No,67.45,DSL
0827-ITJPH,Two year,Credit card (automatic),Yes,18.55,No
8799-OXZMD,Month-to-month,Mailed check,Yes,29.75,DSL
1925-TIBLE,Month-to-month,Electronic check,Yes,86.5,Fiber optic
1705-GUHPV,Two year,Mailed check,No,24.2,No
4779-ZGICK,Two year,Mailed check,No,23.55,No
0048-PIHNL,One year,Bank transfer (automatic),No,20.45,No
0818-OCPZO,Month-to-month,Electronic check,Yes,81.45,Fiber optic
3967-KXAPS,Two year,Credit card (automatic),No,92.3,DSL
1447-GIQMR,Month-to-month,Electronic check,Yes,69.15,Fiber optic
3704-IEAXF,Two year,Credit card (automatic),No,53.65,DSL
6810-VCAEX,One year,Credit card (automatic),No,39.65,DSL
0674-EYYZV,Month-to-month,Electronic check,Yes,54.65,DSL
4480-MBMLB,One year,Bank transfer (automatic),Yes,104.8,Fiber optic
1395-OFUWC,Month-to-month,Credit card (automatic),No,29.3,DSL
0822-QGCXA,Month-to-month,Electronic check,No,83.85,DSL
0872-NXJYS,Month-to-month,Electronic check,Yes,79.55,Fiber optic
2832-KJCRD,Month-to-month,Electronic check,Yes,103.65,Fiber optic
3588-WSTTJ,Month-to-month,Electronic check,Yes,99.05,Fiber optic
4075-WKNIU,Two year,Mailed check,No,73.35,DSL
5090-EMGTC,Two year,Mailed check,Yes,100.05,Fiber optic
2346-CZYIL,Two year,Credit card (automatic),No,20.35,No
3798-EPWRR,Month-to-month,Electronic check,No,43.95,DSL
6258-NGCNG,Month-to-month,Mailed check,No,23.5,No
4186-ZBUEW,One year,Mailed check,Yes,70.7,DSL
5274-XHAKY,Month-to-month,Bank transfer (automatic),Yes,94.3,Fiber optic
1442-BQPVU,Month-to-month,Electronic check,No,29.15,DSL
3978-YNKDD,Two year,Credit card (automatic),No,20.85,No
4940-KHCWD,Two year,Bank transfer (automatic),No,37.7,DSL
9412-ARGBX,Two year,Mailed check,Yes,95.5,Fiber optic
1389-CXMLU,Month-to-month,Electronic check,No,91.05,Fiber optic
9589-ABEPT,Two year,Mailed check,Yes,92.45,Fiber optic
9388-ZEYVT,One year,Electronic check,No,44.15,DSL
0305-SQECB,One year,Mailed check,Yes,36.05,DSL
7605-SNLQG,Month-to-month,Credit card (automatic),Yes,50.25,DSL
4670-TABXH,Two year,Credit card (automatic),Yes,109.75,Fiber optic
5561-NWEVX,Month-to-month,Electronic check,No,79.2,Fiber optic
0064-SUDOG,Two year,Bank transfer (automatic),No,20.3,No
8561-NMTBD,One year,Credit card (automatic),Yes,112.35,Fiber optic
5161-XEUVX,Two year,Mailed check,No,94.3,Fiber optic
8292-FRFZQ,One year,Bank transfer (automatic),No,41.15,DSL
8591-NXRCV,Month-to-month,Bank transfer (automatic),Yes,74.65,DSL
7895-VONWT,Month-to-month,Electronic check,Yes,48.25,DSL
4526-RMTLL,Two year,Credit card (automatic),Yes,76.15,DSL
6253-GNHWH,Two year,Mailed check,No,71.1,DSL
4566-NECEV,Month-to-month,Electronic check,No,96.55,Fiber optic
8080-POTJR,One year,Credit card (automatic),Yes,79.3,DSL
6906-MPARY,One year,Credit card (automatic),Yes,89.6,Fiber optic
3662-FXJFO,Two year,Mailed check,Yes,20.5,No
8107-RZLNV,Two year,Bank transfer (automatic),Yes,106.3,Fiber optic
0516-OOHAR,One year,Bank transfer (automatic),No,100.35,Fiber optic
2027-CWDNU,Month-to-month,Electronic check,Yes,85.6,Fiber optic
2737-WFVYW,Month-to-month,Electronic check,Yes,45.25,DSL
9912-OMZDS,One year,Electronic check,Yes,106.15,Fiber optic
3733-ZEECP,Month-to-month,Electronic check,Yes,51.1,DSL
7878-RTCZG,Month-to-month,Mailed check,No,19.9,No
2452-MRMZF,Two year,Credit card (automatic),Yes,25.7,No
2272-QAGFO,Month-to-month,Electronic check,Yes,74.3,Fiber optic
7103-IPXPJ,One year,Electronic check,No,99.4,Fiber optic
4342-HFXWS,One year,Bank transfer (automatic),No,69.7,DSL
3545-CNWRG,Month-to-month,Electronic check,Yes,98.35,Fiber optic
1785-BPHTP,Month-to-month,Electronic check,No,85.45,Fiber optic
4989-LIXVT,Month-to-month,Electronic check,Yes,95.9,Fiber optic
7315-WYOAW,Month-to-month,Electronic check,No,100.75,Fiber optic
1173-XZPYF,Month-to-month,Electronic check,Yes,89.2,Fiber optic
9850-OWRHQ,Month-to-month,Credit card (automatic),Yes,74.1,Fiber optic
3768-NLUBH,Month-to-month,Electronic check,No,100.6,Fiber optic
8676-TRMJS,Month-to-month,Mailed check,No,75.0,Fiber optic
2509-TFPJU,Two year,Credit card (automatic),No,25.75,No
9530-GRMJG,Two year,Electronic check,Yes,84.1,DSL
6898-RBTLU,Two year,Bank transfer (automatic),No,79.3,DSL
5481-NTDOH,One year,Credit card (automatic),Yes,107.05,Fiber optic
2068-WWXQZ,Two year,Bank transfer (automatic),No,20.05,No
7359-SSBJK,Two year,Credit card (automatic),Yes,70.2,DSL
2061-VVFST,Month-to-month,Bank transfer (automatic),No,19.5,No
0685-MLYYM,Month-to-month,Electronic check,No,70.75,Fiber optic
0749-IRGQE,Month-to-month,Electronic check,No,45.3,DSL
2380-DAMQP,Two year,Electronic check,No,115.15,Fiber optic
2256-YLYLP,Two year,Bank transfer (automatic),Yes,72.95,DSL
1272-ILHFG,One year,Mailed check,No,19.65,No
0164-XAIRP,Two year,Bank transfer (automatic),Yes,19.55,No
5666-CYCYZ,Month-to-month,Electronic check,Yes,89.55,Fiber optic
4011-ARPHK,Month-to-month,Mailed check,No,50.35,DSL
8182-PNAGI,Month-to-month,Bank transfer (automatic),No,50.25,DSL
6365-HITVU,Two year,Credit card (automatic),No,87.25,DSL
7558-IMLMT,Two year,Mailed check,Yes,20.8,No
9488-FYQAU,Two year,Bank transfer (automatic),Yes,109.25,Fiber optic
3590-TCXTB,Month-to-month,Mailed check,No,20.35,No
6994-KERXL,Month-to-month,Electronic check,Yes,55.9,DSL
7957-RYHQD,Month-to-month,Credit card (automatic),Yes,79.2,Fiber optic
2180-DXNEG,Month-to-month,Electronic check,Yes,96.0,Fiber optic
1960-UOTYM,Two year,Electronic check,No,79.2,DSL
2740-JFBOK,Month-to-month,Electronic check,Yes,24.0,No
6500-JVEGC,One year,Bank transfer (automatic),No,101.35,Fiber optic
5515-AKOAJ,Month-to-month,Electronic check,Yes,100.1,Fiber optic
8976-OQHGT,Month-to-month,Mailed check,No,56.5,DSL
5245-VDBUR,One year,Mailed check,No,35.45,DSL
6230-BSUXY,Month-to-month,Electronic check,Yes,85.0,Fiber optic
8469-SNFFH,One year,Bank transfer (automatic),No,79.4,DSL
2144-ESWKO,One year,Credit card (automatic),Yes,35.2,DSL
1241-FPMOF,Two year,Mailed check,No,19.65,No
9928-BZVLZ,Two year,Mailed check,No,49.85,DSL
4114-QMKVN,One year,Bank transfer (automatic),No,68.75,DSL
2775-SEFEE,Two year,Bank transfer (automatic),Yes,61.9,DSL
9003-CPATH,Month-to-month,Electronic check,No,79.9,Fiber optic
1754-GKYPY,Month-to-month,Bank transfer (automatic),Yes,89.75,Fiber optic
5294-CDGWY,One year,Electronic check,No,59.3,DSL
7956-XQWGU,Month-to-month,Credit card (automatic),Yes,19.4,No
1591-MQJTP,One year,Bank transfer (automatic),Yes,93.65,Fiber optic
5295-PCJOO,Month-to-month,Electronic check,Yes,49.4,DSL
2369-FEVNO,Month-to-month,Mailed check,Yes,19.9,No
9863-JZAIC,Month-to-month,Mailed check,No,55.0,DSL
7471-MQPOS,One year,Bank transfer (automatic),Yes,72.9,DSL
7660-HDPJV,Month-to-month,Electronic check,Yes,69.2,Fiber optic
5115-SQAAU,Two year,Bank transfer (automatic),Yes,25.6,No
9845-QOMAD,One year,Mailed check,No,19.75,No
7672-VFMXZ,Month-to-month,Electronic check,No,55.7,DSL
9739-JLPQJ,Two year,Credit card (automatic),No,117.5,Fiber optic
9916-AYHTC,Two year,Credit card (automatic),No,19.85,No
3855-ONCAR,Month-to-month,Mailed check,Yes,78.9,Fiber optic
1488-SYSFC,Month-to-month,Electronic check,Yes,20.65,No
7931-PXHFC,One year,Mailed check,Yes,62.3,DSL
3990-QYKBE,Month-to-month,Electronic check,Yes,92.5,Fiber optic
0970-QXPXW,Month-to-month,Mailed check,No,19.65,No
3259-KNMRR,Two year,Bank transfer (automatic),Yes,79.75,DSL
6120-RJKLU,Two year,Credit card (automatic),Yes,79.95,DSL
9572-WUKSB,Month-to-month,Electronic check,Yes,29.9,DSL
5893-KCLGT,Two year,Mailed check,Yes,19.75,No
0076-LVEPS,Month-to-month,Mailed check,Yes,45.0,DSL
3640-JQGJG,Month-to-month,Bank transfer (automatic),No,44.8,DSL
4919-MOAVT,Month-to-month,Electronic check,No,69.65,Fiber optic
1596-OQSPS,Month-to-month,Electronic check,No,51.1,DSL
9867-XOBQA,Two year,Mailed check,No,53.15,DSL
9546-KDTRB,Month-to-month,Bank transfer (automatic),No,24.7,No
3090-HAWSU,Two year,Credit card (automatic),Yes,111.6,Fiber optic
9820-RMCQV,Month-to-month,Credit card (automatic),No,48.55,DSL
3174-RKMOW,Month-to-month,Electronic check,Yes,109.95,Fiber optic
1760-CAZHT,Month-to-month,Mailed check,No,20.8,No
7839-QRKXN,Month-to-month,Mailed check,Yes,20.2,No
8441-SHIPE,Two year,Bank transfer (automatic),Yes,25.6,No
5204-QZXPU,Month-to-month,Electronic check,Yes,39.65,DSL
4597-ELFTS,One year,Electronic check,No,24.9,No
1320-GVNHT,Two year,Credit card (automatic),Yes,108.4,Fiber optic
1047-RNXZV,Two year,Mailed check,No,19.55,No
3541-ZNUHK,Month-to-month,Electronic check,Yes,85.1,Fiber optic
8450-JOVAH,Month-to-month,Mailed check,No,56.7,DSL
8725-JEDFD,Month-to-month,Mailed check,Yes,69.05,Fiber optic
7562-UXTPG,Month-to-month,Mailed check,Yes,70.15,Fiber optic
8071-SBTRN,Two year,Mailed check,Yes,111.15,Fiber optic
1113-IUJYX,One year,Mailed check,No,105.95,Fiber optic
6668-CNMFP,One year,Bank transfer (automatic),Yes,89.35,Fiber optic
5626-MGTUK,Month-to-month,Bank transfer (automatic),Yes,89.1,Fiber optic
5681-LLOEI,One year,Credit card (automatic),Yes,91.25,Fiber optic
8212-DJRCH,Month-to-month,Mailed check,Yes,90.35,Fiber optic
4323-OHFOW,One year,Bank transfer (automatic),Yes,105.55,Fiber optic
4933-BSAIP,Two year,Mailed check,No,19.1,No
2030-BTZRO,Two year,Credit card (automatic),Yes,20.4,No
1116-DXXDF,Two year,Electronic check,Yes,100.45,Fiber optic
9274-CNFMO,Month-to-month,Electronic check,No,74.95,Fiber optic
7758-XKCBS,Month-to-month,Electronic check,Yes,29.7,DSL
8992-JQYUN,Month-to-month,Electronic check,Yes,50.35,DSL
6563-VNPMN,Month-to-month,Bank transfer (automatic),Yes,85.7,Fiber optic
0617-AQNWT,Two year,Electronic check,No,47.85,DSL
2267-WTPYD,Month-to-month,Credit card (automatic),No,94.0,Fiber optic
0270-THENM,Two year,Bank transfer (automatic),No,69.85,DSL
2446-PLQVO,Month-to-month,Electronic check,Yes,70.3,Fiber optic
4707-MAXGU,Two year,Credit card (automatic),No,25.85,No
2710-WYVXG,Two year,Mailed check,No,71.1,DSL
3005-NFMTA,Month-to-month,Electronic check,Yes,98.8,Fiber optic
6300-BWMJX,Month-to-month,Electronic check,No,93.35,Fiber optic
8784-CGILN,Month-to-month,Bank transfer (automatic),Yes,99.85,Fiber optic
5389-FFVKB,Month-to-month,Credit card (automatic),Yes,80.3,Fiber optic
7009-LGECI,Month-to-month,Bank transfer (automatic),Yes,50.55,DSL
8444-WRIDW,Month-to-month,Credit card (automatic),Yes,80.45,Fiber optic
5022-KVDQT,Month-to-month,Electronic check,Yes,81.3,Fiber optic
7976-CICYS,Month-to-month,Credit card (automatic),Yes,20.7,No
1036-GUDCL,Month-to-month,Credit card (automatic),Yes,79.05,DSL
2005-DWQZJ,Two year,Mailed check,No,19.05,No
8148-WOCMK,Two year,Credit card (automatic),No,19.6,No
7815-PDTHL,Two year,Mailed check,Yes,20.2,No
9451-LPGOO,Month-to-month,Electronic check,Yes,86.8,Fiber optic
9173-IVZVP,Two year,Mailed check,No,20.9,No
9129-UXERG,Month-to-month,Credit card (automatic),Yes,103.6,Fiber optic
3635-JBPSG,Two year,Mailed check,Yes,38.8,DSL
7964-ZRKKG,One year,Bank transfer (automatic),Yes,88.4,Fiber optic
5868-YWPDW,Month-to-month,Electronic check,Yes,84.2,Fiber optic
6229-LSCKB,Month-to-month,Electronic check,Yes,79.7,Fiber optic
2025-JKFWI,Month-to-month,Mailed check,Yes,99.0,Fiber optic
4078-SAYYN,Month-to-month,Electronic check,Yes,100.75,Fiber optic
1724-IQWNM,Month-to-month,Mailed check,Yes,19.3,No
8217-QYOHV,Month-to-month,Mailed check,Yes,55.75,DSL
5546-QUERU,One year,Mailed check,Yes,19.95,No
9940-HPQPG,Month-to-month,Bank transfer (automatic),No,91.75,Fiber optic
6897-UUBNU,Month-to-month,Mailed check,No,89.65,Fiber optic
6127-IYJOZ,Month-to-month,Mailed check,Yes,45.85,DSL
6618-RYATB,Month-to-month,Mailed check,Yes,79.55,Fiber optic
8930-XOTDP,Month-to-month,Mailed check,No,55.95,DSL
5916-QEWPT,Month-to-month,Credit card (automatic),No,69.0,DSL
5060-TQUQN,Month-to-month,Bank transfer (automatic),Yes,83.55,Fiber optic
0531-XBKMM,Two year,Bank transfer (automatic),No,65.7,DSL
8465-SBRXP,Two year,Bank transfer (automatic),Yes,94.9,Fiber optic
2408-PSJVE,Month-to-month,Mailed check,Yes,61.9,DSL
9079-YEXQJ,Month-to-month,Electronic check,No,111.1,Fiber optic
9700-ZCLOT,Month-to-month,Mailed check,No,20.0,No
8738-JOKAR,One year,Mailed check,Yes,67.7,DSL
4534-WGCIR,Two year,Credit card (automatic),No,25.15,No
1930-WNXSB,Month-to-month,Electronic check,Yes,92.85,Fiber optic
2685-SREOM,Month-to-month,Electronic check,Yes,89.1,Fiber optic
3508-CFVZL,Two year,Mailed check,No,111.3,Fiber optic
0402-CQAJN,Month-to-month,Bank transfer (automatic),Yes,101.9,Fiber optic
6692-UDPJC,Month-to-month,Electronic check,Yes,91.65,Fiber optic
1273-MTETI,Month-to-month,Electronic check,Yes,88.85,Fiber optic
0657-DOGUM,One year,Bank transfer (automatic),Yes,60.6,DSL
5480-HPRRX,Month-to-month,Electronic check,No,25.3,DSL
8792-AOROI,Two year,Mailed check,No,65.5,DSL
0295-PPHDO,Month-to-month,Electronic check,Yes,95.45,Fiber optic
5146-YYFRZ,Two year,Bank transfer (automatic),No,19.95,No
1195-OIYEJ,Month-to-month,Electronic check,Yes,91.1,Fiber optic
5906-CVLHP,One year,Credit card (automatic),Yes,54.15,DSL
3452-SRFEG,Month-to-month,Bank transfer (automatic),Yes,74.6,Fiber optic
4070-OKWVH,Month-to-month,Bank transfer (automatic),No,94.6,Fiber optic
5297-MDOIR,One year,Credit card (automatic),Yes,81.15,Fiber optic
6369-MCAKO,Two year,Bank transfer (automatic),Yes,89.05,DSL
4926-UMJZD,Month-to-month,Mailed check,Yes,49.2,DSL
6848-HJTXY,Two year,Credit card (automatic),No,19.45,No
6341-AEVKX,One year,Electronic check,Yes,104.3,Fiber optic
4501-EQDRN,Month-to-month,Bank transfer (automatic),No,69.7,Fiber optic
2990-HWIML,Month-to-month,Electronic check,Yes,89.5,Fiber optic
0682-USIXD,Month-to-month,Electronic check,Yes,86.05,Fiber optic
6976-BWGLQ,Two year,Bank transfer (automatic),No,25.2,No
7078-NVFAM,Month-to-month,Electronic check,Yes,35.15,DSL
8065-QBYTO,One year,Credit card (automatic),Yes,99.65,Fiber optic
2133-TSRRM,Month-to-month,Bank transfer (automatic),Yes,105.35,Fiber optic
7384-GHBPI,Month-to-month,Electronic check,Yes,35.15,DSL
7603-USHJS,Month-to-month,Credit card (automatic),Yes,73.75,Fiber optic
7234-FECYN,Month-to-month,Electronic check,No,101.35,Fiber optic
2511-ALLCS,Two year,Bank transfer (automatic),No,24.3,No
3191-CSNMG,Month-to-month,Electronic check,Yes,80.7,Fiber optic
7952-OBOYL,Month-to-month,Mailed check,Yes,89.85,Fiber optic
7470-DYNOE,One year,Electronic check,Yes,61.1,DSL
7853-OETYL,Month-to-month,Electronic check,Yes,29.05,DSL
1545-ACTAS,One year,Bank transfer (automatic),Yes,99.7,Fiber optic
5876-HZVZM,Month-to-month,Credit card (automatic),No,55.9,DSL
1400-MMYXY,Month-to-month,Electronic check,Yes,105.9,Fiber optic
5126-RCXYW,Two year,Credit card (automatic),No,46.0,DSL
3085-QUOZK,Month-to-month,Mailed check,No,43.95,DSL
2363-BJLSL,Month-to-month,Bank transfer (automatic),Yes,80.4,DSL
1956-YIFGE,One year,Mailed check,Yes,100.05,Fiber optic
3926-CUQZX,Month-to-month,Bank transfer (automatic),Yes,45.1,DSL
7921-LMDFQ,One year,Bank transfer (automatic),Yes,94.0,Fiber optic
2925-MXLSX,One year,Credit card (automatic),Yes,68.95,DSL
5820-PTRYM,One year,Credit card (automatic),Yes,68.45,DSL
9609-BENEA,One year,Electronic check,Yes,69.0,DSL
6211-WHMYA,Month-to-month,Electronic check,Yes,43.85,DSL
4459-BBGHE,Month-to-month,Electronic check,Yes,44.5,DSL
9945-PSVIP,Two year,Mailed check,Yes,18.7,No
1041-RXHRA,Month-to-month,Bank transfer (automatic),No,70.25,Fiber optic
1750-CSKKM,Month-to-month,Electronic check,No,55.35,DSL
9108-EJFJP,Month-to-month,Mailed check,Yes,53.55,DSL
0530-IJVDB,Two year,Electronic check,Yes,114.6,Fiber optic
0508-SQWPL,Two year,Bank transfer (automatic),Yes,20.1,No
2215-ZAFGX,Month-to-month,Electronic check,Yes,85.5,Fiber optic
8213-TAZPM,One year,Bank transfer (automatic),Yes,108.75,Fiber optic
7142-HVGBG,Month-to-month,Electronic check,Yes,103.0,Fiber optic
1304-SEGFY,Two year,Electronic check,Yes,97.85,Fiber optic
7242-EDTYC,Two year,Bank transfer (automatic),No,19.55,No
2904-GGUAZ,Two year,Bank transfer (automatic),Yes,84.05,Fiber optic
8267-ZNYVZ,One year,Electronic check,Yes,103.75,Fiber optic
5136-GFPMB,Month-to-month,Credit card (automatic),No,89.4,Fiber optic
2595-KIWPV,Two year,Credit card (automatic),No,19.7,No
5243-SAOTC,Month-to-month,Bank transfer (automatic),Yes,79.85,Fiber optic
9398-MMQTO,Month-to-month,Credit card (automatic),No,74.45,Fiber optic
7619-PLRLP,One year,Bank transfer (automatic),No,74.1,DSL
6457-GIRWB,Month-to-month,Electronic check,Yes,69.35,Fiber optic
6508-NJYRO,One year,Mailed check,No,18.8,No
1450-SKCVI,Month-to-month,Electronic check,Yes,73.85,Fiber optic
4710-NKCAW,Month-to-month,Credit card (automatic),No,64.4,DSL
5306-BVTKJ,One year,Credit card (automatic),Yes,55.8,DSL
0357-NVCRI,Month-to-month,Credit card (automatic),No,20.05,No
5570-PTWEH,Month-to-month,Credit card (automatic),Yes,75.15,Fiber optic
2371-KFUOG,One year,Bank transfer (automatic),No,99.15,Fiber optic
0463-ZSDNT,Month-to-month,Bank transfer (automatic),Yes,56.75,DSL
6502-MJQAE,Month-to-month,Electronic check,Yes,69.6,Fiber optic
6257-DTAYD,Two year,Credit card (automatic),Yes,104.15,Fiber optic
4616-ULAOA,Two year,Credit card (automatic),Yes,110.8,Fiber optic
7693-LCKZL,Month-to-month,Electronic check,Yes,80.15,Fiber optic
7746-AWNQW,Month-to-month,Mailed check,Yes,35.75,DSL
5996-EBTKM,Two year,Bank transfer (automatic),Yes,69.9,DSL
2758-RNWXS,One year,Electronic check,Yes,89.2,Fiber optic
2314-TNDJQ,Two year,Credit card (automatic),No,55.65,DSL
2405-LBMUW,One year,Bank transfer (automatic),Yes,50.7,DSL
3454-JFUBC,Two year,Credit card (automatic),Yes,20.0,No
0032-PGELS,Month-to-month,Bank transfer (automatic),No,30.5,DSL
9039-ZVJDC,Month-to-month,Mailed check,Yes,19.1,No
6797-LNAQX,Two year,Bank transfer (automatic),No,98.3,Fiber optic
9013-AQORL,Month-to-month,Credit card (automatic),No,45.55,DSL
2898-MRKPI,One year,Credit card (automatic),Yes,101.05,Fiber optic
2750-BJLSB,One year,Electronic check,Yes,103.7,Fiber optic
3648-GZPHF,One year,Mailed check,Yes,36.25,DSL
2075-RMJIK,Month-to-month,Mailed check,Yes,49.4,DSL
9588-YRFHY,Two year,Credit card (automatic),Yes,19.9,No
6394-MFYNG,Month-to-month,Bank transfer (automatic),Yes,107.4,Fiber optic
1564-NTYXF,Month-to-month,Electronic check,Yes,82.0,Fiber optic
9364-YKUVW,Month-to-month,Mailed check,Yes,19.8,No
5392-AKEMH,Month-to-month,Electronic check,Yes,45.05,DSL
2451-YMUXS,Two year,Bank transfer (automatic),Yes,64.55,DSL
3914-FDRHP,Month-to-month,Electronic check,No,86.25,Fiber optic
3078-ZKNTS,Two year,Bank transfer (automatic),Yes,19.75,No
1024-KPRBB,One year,Mailed check,Yes,89.1,Fiber optic
4690-PKDQG,Month-to-month,Electronic check,Yes,95.55,Fiber optic
8155-IBNHG,Month-to-month,Credit card (automatic),Yes,75.4,Fiber optic
0886-QGENL,Month-to-month,Electronic check,Yes,101.25,Fiber optic
9547-ITEFG,Month-to-month,Credit card (automatic),Yes,102.6,Fiber optic
1264-FUHCX,One year,Credit card (automatic),Yes,56.3,DSL
7789-CRUVC,Month-to-month,Credit card (automatic),Yes,94.2,Fiber optic
6598-KELSS,One year,Bank transfer (automatic),Yes,43.05,DSL
8739-WWKDU,Month-to-month,Electronic check,Yes,89.5,Fiber optic
8685-WHQPW,Month-to-month,Bank transfer (automatic),Yes,74.4,Fiber optic
4745-LSPLO,Month-to-month,Mailed check,No,20.5,No
8083-YTZES,Month-to-month,Electronic check,Yes,74.35,Fiber optic
7240-FQLHE,Month-to-month,Bank transfer (automatic),No,99.75,Fiber optic
6664-FPDAC,One year,Electronic check,Yes,111.95,Fiber optic
9972-VAFJJ,One year,Electronic check,Yes,94.0,Fiber optic
0422-UXFAP,One year,Electronic check,Yes,98.85,Fiber optic
1904-WAJAA,Two year,Electronic check,No,64.35,DSL
5130-YPIRV,Two year,Credit card (automatic),Yes,72.0,DSL
2843-CQMEG,Month-to-month,Mailed check,Yes,49.7,DSL
6439-PKTRR,Two year,Electronic check,No,80.7,DSL
5351-QESIO,Month-to-month,Mailed check,No,24.2,DSL
0786-VSSUD,Month-to-month,Mailed check,Yes,39.0,DSL
5568-DMXZS,Month-to-month,Electronic check,Yes,65.45,DSL
8468-FZTOE,Two year,Electronic check,Yes,74.35,DSL
6633-SYEUS,Month-to-month,Bank transfer (automatic),No,83.2,Fiber optic
6447-GORXK,Month-to-month,Credit card (automatic),No,25.0,DSL
6967-PEJLL,One year,Electronic check,Yes,40.2,DSL
3976-BWUCK,Month-to-month,Credit card (automatic),Yes,94.1,Fiber optic
5981-ZVXOT,One year,Electronic check,Yes,108.35,Fiber optic
1684-FLBGS,Month-to-month,Credit card (automatic),Yes,69.5,DSL
1389-WNUIB,One year,Bank transfer (automatic),No,76.0,DSL
0376-OIWME,Month-to-month,Electronic check,Yes,93.6,Fiber optic
3585-ISXZP,Month-to-month,Bank transfer (automatic),No,95.65,Fiber optic
0218-QNVAS,One year,Bank transfer (automatic),No,100.55,Fiber optic
6583-QGCSI,Month-to-month,Electronic check,Yes,88.05,Fiber optic
0804-YGEQV,One year,Bank transfer (automatic),Yes,24.45,No
7164-BPTUT,Two year,Mailed check,No,89.55,DSL
4174-LPGTI,One year,Bank transfer (automatic),Yes,66.5,DSL
2523-EWWZL,Month-to-month,Electronic check,Yes,76.1,Fiber optic
0928-XUTSN,Month-to-month,Electronic check,Yes,80.5,Fiber optic
2108-XWMPY,Month-to-month,Mailed check,Yes,35.45,DSL
0052-YNYOT,One year,Electronic check,No,20.55,No
6304-IJFSQ,Month-to-month,Mailed check,Yes,49.9,DSL
9586-JGQKH,Two year,Bank transfer (automatic),Yes,105.4,Fiber optic
4501-VCPFK,Month-to-month,Electronic check,No,35.75,DSL
6075-SLNIL,Month-to-month,Credit card (automatic),Yes,95.1,Fiber optic
9347-AERRL,One year,Credit card (automatic),No,19.3,No
0093-XWZFY,Month-to-month,Credit card (automatic),Yes,104.5,Fiber optic
2274-XUATA,Two year,Bank transfer (automatic),Yes,63.1,DSL
1980-KXVPM,Month-to-month,Credit card (automatic),Yes,75.05,Fiber optic
7703-ZEKEF,Month-to-month,Electronic check,Yes,81.0,Fiber optic
0723-DRCLG,Month-to-month,Electronic check,Yes,74.45,Fiber optic
5482-NUPNA,Month-to-month,Mailed check,Yes,60.4,DSL
6691-CCIHA,Two year,Electronic check,Yes,84.95,DSL
1685-BQULA,Month-to-month,Bank transfer (automatic),Yes,93.4,Fiber optic
9053-EJUNL,Month-to-month,Electronic check,Yes,89.2,Fiber optic
0666-UXTJO,Month-to-month,Credit card (automatic),Yes,85.2,Fiber optic
1471-GIQKQ,Month-to-month,Electronic check,No,49.95,DSL
4807-IZYOZ,Two year,Bank transfer (automatic),No,20.65,No
1122-JWTJW,Month-to-month,Mailed check,Yes,70.65,Fiber optic
9710-NJERN,Two year,Mailed check,No,20.15,No
9837-FWLCH,Month-to-month,Electronic check,Yes,19.2,No
1699-HPSBG,One year,Electronic check,Yes,59.8,DSL
7203-OYKCT,One year,Electronic check,Yes,104.95,Fiber optic
1035-IPQPU,Month-to-month,Electronic check,Yes,103.5,Fiber optic
7398-LXGYX,Month-to-month,Credit card (automatic),Yes,84.8,Fiber optic
2823-LKABH,Month-to-month,Bank transfer (automatic),Yes,95.05,Fiber optic
8775-CEBBJ,Month-to-month,Bank transfer (automatic),Yes,44.2,DSL
0550-DCXLH,Month-to-month,Mailed check,No,73.35,DSL
9281-CEDRU,Two year,Bank transfer (automatic),No,64.1,DSL
2235-DWLJU,Month-to-month,Electronic check,Yes,44.4,DSL
0871-OPBXW,Month-to-month,Mailed check,Yes,20.05,No
3605-JISKB,One year,Credit card (automatic),No,60.0,DSL
6894-LFHLY,Month-to-month,Electronic check,Yes,75.75,Fiber optic
9767-FFLEM,Month-to-month,Credit card (automatic),Yes,69.5,Fiber optic
0639-TSIQW,Month-to-month,Credit card (automatic),Yes,102.95,Fiber optic
8456-QDAVC,Month-to-month,Bank transfer (automatic),Yes,78.7,Fiber optic
7750-EYXWZ,One year,Electronic check,No,60.65,DSL
2569-WGERO,Two year,Bank transfer (automatic),Yes,21.15,No
6840-RESVB,One year,Mailed check,Yes,84.8,DSL
2234-XADUH,One year,Credit card (automatic),Yes,103.2,Fiber optic
4801-JZAZL,Month-to-month,Electronic check,Yes,29.6,DSL
8361-LTMKD,Month-to-month,Mailed check,Yes,74.4,Fiber optic
3186-AJIEK,Two year,Bank transfer (automatic),Yes,105.65,Fiber optic
